1645747200000,0.05309,0.05332,0.05287,0.05287,8436616,1645747259999,448001.54487,1026,4208226,223653.07263,0
1645747260000,0.05289,0.05299,0.05231,0.05232,9252622,1645747319999,487138.42370,1177,2812099,148185.46372,0
1645747320000,0.05232,0.05271,0.05230,0.05244,8960873,1645747379999,470337.17600,1066,5308768,278723.41866,0
1645747380000,0.05246,0.05270,0.05242,0.05264,6227384,1645747439999,327268.15755,715,4393001,230904.22457,0
1645747440000,0.05263,0.05270,0.05248,0.05265,5476848,1645747499999,288068.07792,898,2231223,117386.25235,0
1645747500000,0.05270,0.05344,0.05269,0.05319,16821652,1645747559999,892162.20836,1863,11179444,592610.81628,0
1645747560000,0.05318,0.05431,0.05318,0.05405,21129891,1645747619999,1137798.09541,2939,12606471,678769.41686,0
1645747620000,0.05405,0.05417,0.05390,0.05397,12139468,1645747679999,655904.55882,1576,5714882,308901.69201,0
1645747680000,0.05397,0.05418,0.05378,0.05397,14308228,1645747739999,772596.98172,1992,6430069,347322.46887,0
1645747740000,0.05397,0.05460,0.05391,0.05428,13997392,1645747799999,760142.36197,2112,9429111,512047.40990,0
1645747800000,0.05426,0.05434,0.05387,0.05392,11431562,1645747859999,618917.79945,1645,4702678,254797.05209,0
1645747860000,0.05390,0.05400,0.05364,0.05368,12078662,1645747919999,650266.62333,1424,7458725,401667.09172,0
1645747920000,0.05371,0.05371,0.05327,0.05347,11889498,1645747979999,635537.45080,1298,4018573,214804.38828,0
1645747980000,0.05350,0.05369,0.05340,0.05352,9577010,1645748039999,512729.02175,1012,5761301,308459.74611,0
1645748040000,0.05354,0.05371,0.05348,0.05365,5414970,1645748099999,290160.20903,772,3792838,203294.27884,0
1645748100000,0.05366,0.05379,0.05341,0.05341,5081434,1645748159999,272293.70840,778,2451553,131350.44174,0
1645748160000,0.05341,0.05344,0.05293,0.05316,9167819,1645748219999,487017.22486,1383,2568745,136567.90159,0
1645748220000,0.05316,0.05327,0.05301,0.05319,7441766,1645748279999,395418.47647,812,3985541,211869.79296,0
1645748280000,0.05319,0.05330,0.05315,0.05317,5600861,1645748339999,298097.45349,714,3274835,174296.39131,0
1645748340000,0.05318,0.05354,0.05315,0.05340,2654719,1645748399999,141621.92740,545,1263606,67424.89496,0
1645748400000,0.05339,0.05339,0.05322,0.05338,2978864,1645748459999,158781.56256,535,1570265,83706.36267,0
1645748460000,0.05337,0.05370,0.05328,0.05369,6302634,1645748519999,337241.22069,799,3067330,164209.34027,0
1645748520000,0.05369,0.05394,0.05363,0.05393,6731733,1645748579999,362181.47896,1032,4662703,250922.11709,0
1645748580000,0.05392,0.05425,0.05388,0.05402,9310295,1645748639999,503689.50962,1115,4824779,261065.43474,0
1645748640000,0.05403,0.05403,0.05376,0.05380,4439085,1645748699999,239312.32234,740,1758909,94859.50843,0
1645748700000,0.05380,0.05408,0.05366,0.05385,6248514,1645748759999,336450.72699,1037,3959506,213230.12214,0
1645748760000,0.05383,0.05406,0.05380,0.05399,3278598,1645748819999,176899.38241,594,1519148,81958.79594,0
1645748820000,0.05397,0.05445,0.05394,0.05428,9318896,1645748879999,505369.42962,1172,6182296,335344.24769,0
1645748880000,0.05430,0.05434,0.05400,0.05414,5657508,1645748939999,306609.29616,758,2337357,126696.41426,0
1645748940000,0.05415,0.05415,0.05389,0.05395,4217437,1645748999999,227858.65487,519,1184393,63985.22846,0
1645749000000,0.05395,0.05396,0.05366,0.05386,5855147,1645749059999,315058.46505,764,1514763,81549.09121,0
1645749060000,0.05385,0.05395,0.05359,0.05393,5789706,1645749119999,310991.33751,662,2960982,159151.12754,0
1645749120000,0.05394,0.05418,0.05369,0.05392,7125934,1645749179999,384296.68959,948,2793637,150674.19512,0
1645749180000,0.05390,0.05390,0.05367,0.05386,3152295,1645749239999,169573.90365,458,1021705,54970.86099,0
1645749240000,0.05386,0.05406,0.05361,0.05373,5443415,1645749299999,293048.03182,723,2609492,140460.00972,0
1645749300000,0.05372,0.05374,0.05350,0.05354,2334411,1645749359999,125231.94498,461,866685,46528.11053,0
1645749360000,0.05351,0.05355,0.05314,0.05323,11802461,1645749419999,629334.72338,1246,4189476,223424.19669,0
1645749420000,0.05324,0.05329,0.05311,0.05328,5241889,1645749479999,278835.19396,806,3037400,161558.48050,0
1645749480000,0.05327,0.05342,0.05324,0.05327,3037700,1645749539999,161924.19663,506,1351750,72078.32942,0
1645749540000,0.05325,0.05331,0.05315,0.05320,3533870,1645749599999,188113.00128,628,1519740,80911.23277,0
1645749600000,0.05319,0.05337,0.05306,0.05312,5799437,1645749659999,308511.56972,738,1958019,104205.60369,0
1645749660000,0.05312,0.05331,0.05310,0.05322,3090634,1645749719999,164380.86029,481,1379610,73396.72682,0
1645749720000,0.05321,0.05333,0.05274,0.05289,8589475,1645749779999,455279.22222,1173,3081138,163418.58084,0
1645749780000,0.05289,0.05301,0.05262,0.05281,8593430,1645749839999,453635.44351,1278,2928603,154673.97323,0
1645749840000,0.05282,0.05294,0.05268,0.05284,7292425,1645749899999,385003.29898,1002,2461692,129995.79851,0
1645749900000,0.05281,0.05297,0.05267,0.05289,4837970,1645749959999,255548.78580,635,3532860,186651.06839,0
1645749960000,0.05291,0.05306,0.05283,0.05283,3955028,1645750019999,209363.43896,591,2379902,125991.70480,0
1645750020000,0.05283,0.05318,0.05282,0.05317,3594809,1645750079999,190674.50541,599,2429360,128839.28012,0
1645750080000,0.05317,0.05332,0.05301,0.05301,4629117,1645750139999,246219.45332,700,2386996,127027.79756,0
1645750140000,0.05300,0.05312,0.05295,0.05296,4524981,1645750199999,239894.67619,446,3087476,163683.52852,0
1645750200000,0.05296,0.05329,0.05288,0.05315,4249967,1645750259999,225715.12442,637,2511872,133359.52539,0
1645750260000,0.05316,0.05316,0.05282,0.05291,9005839,1645750319999,477454.56434,1016,2199431,116634.69329,0
1645750320000,0.05291,0.05306,0.05272,0.05280,5187478,1645750379999,274368.88586,874,2750575,145504.94046,0
1645750380000,0.05281,0.05283,0.05230,0.05247,12814131,1645750439999,672744.26523,1820,4554476,239163.33784,0
1645750440000,0.05248,0.05263,0.05241,0.05251,5246886,1645750499999,275545.33958,861,1846096,96992.02491,0
1645750500000,0.05251,0.05280,0.05250,0.05255,4693496,1645750559999,246979.06533,795,2381412,125365.87414,0
1645750560000,0.05256,0.05270,0.05252,0.05255,3362551,1645750619999,176901.36923,578,1029631,54183.52833,0
1645750620000,0.05255,0.05271,0.05252,0.05271,1625588,1645750679999,85503.14901,373,742233,39052.81535,0
1645750680000,0.05271,0.05279,0.05252,0.05269,3756649,1645750739999,197639.18055,574,1523098,80170.99634,0
1645750740000,0.05270,0.05279,0.05254,0.05263,3590807,1645750799999,189219.62215,490,1272532,67067.72922,0
1645750800000,0.05261,0.05272,0.05240,0.05249,4032732,1645750859999,211922.70928,798,1698312,89227.90981,0
1645750860000,0.05250,0.05296,0.05247,0.05294,3547832,1645750919999,187033.59220,672,2410770,127127.90798,0
1645750920000,0.05293,0.05323,0.05284,0.05287,8584925,1645750979999,455420.55087,1130,6239542,331146.75335,0
1645750980000,0.05288,0.05310,0.05269,0.05307,3987521,1645751039999,210881.52374,620,2397566,126845.80971,0
1645751040000,0.05310,0.05344,0.05305,0.05309,5690578,1645751099999,302930.70061,945,2794923,148892.28347,0
1645751100000,0.05311,0.05343,0.05310,0.05317,3422540,1645751159999,182269.12607,699,1809333,96357.97646,0
1645751160000,0.05318,0.05328,0.05305,0.05307,4304588,1645751219999,228881.78948,781,2532832,134715.91256,0
1645751220000,0.05306,0.05320,0.05303,0.05315,1560669,1645751279999,82890.42254,341,936353,49737.96272,0
1645751280000,0.05315,0.05336,0.05314,0.05329,1795127,1645751339999,95565.37633,397,1202386,64031.69559,0
1645751340000,0.05331,0.05346,0.05325,0.05335,4424643,1645751399999,236040.77469,576,2030168,108305.77639,0
1645751400000,0.05336,0.05339,0.05320,0.05332,3797421,1645751459999,202414.00932,443,1658568,88439.89362,0
1645751460000,0.05332,0.05360,0.05330,0.05351,4227050,1645751519999,226169.30885,646,2897728,155024.00136,0
1645751520000,0.05350,0.05375,0.05337,0.05341,5210093,1645751579999,279085.41150,822,3227808,172948.92073,0
1645751580000,0.05342,0.05356,0.05337,0.05342,3265860,1645751639999,174650.47988,404,1094480,58524.73021,0
1645751640000,0.05344,0.05363,0.05339,0.05347,2272351,1645751699999,121632.86944,512,1605472,85948.73541,0
1645751700000,0.05348,0.05367,0.05346,0.05351,2747549,1645751759999,147164.79519,521,1496010,80142.63793,0
1645751760000,0.05351,0.05374,0.05347,0.05360,3308371,1645751819999,177450.37340,579,2123076,113894.86555,0
1645751820000,0.05361,0.05383,0.05350,0.05353,4343567,1645751879999,233113.66561,710,2051615,110148.94160,0
1645751880000,0.05355,0.05369,0.05345,0.05350,3550828,1645751939999,190134.47078,493,2078047,111312.04749,0
1645751940000,0.05349,0.05358,0.05332,0.05334,4407181,1645751999999,235617.27863,539,1760080,94126.92332,0
1645752000000,0.05335,0.05376,0.05335,0.05363,3791569,1645752059999,203136.94491,622,2219687,118901.05730,0
1645752060000,0.05362,0.05412,0.05356,0.05388,13047358,1645752119999,703008.07874,1506,8972426,483536.85695,0
1645752120000,0.05387,0.05423,0.05385,0.05398,8067358,1645752179999,436116.81951,1189,3832014,207224.91904,0
1645752180000,0.05399,0.05421,0.05396,0.05398,4283386,1645752239999,231573.43785,558,1733063,93760.56952,0
1645752240000,0.05398,0.05399,0.05370,0.05384,5617924,1645752299999,302580.98857,699,1906007,102663.50338,0
1645752300000,0.05384,0.05387,0.05337,0.05352,4800759,1645752359999,257536.73219,782,1767318,94825.54760,0
1645752360000,0.05352,0.05384,0.05347,0.05379,4206225,1645752419999,225600.87027,650,2558665,137267.68311,0
1645752420000,0.05380,0.05399,0.05368,0.05381,4933379,1645752479999,265707.64637,730,1922192,103539.84181,0
1645752480000,0.05382,0.05392,0.05368,0.05391,3346189,1645752539999,180065.07777,412,2345304,126217.20186,0
1645752540000,0.05393,0.05425,0.05382,0.05415,8718952,1645752599999,471090.34148,1029,4846622,261935.98231,0
1645752600000,0.05417,0.05499,0.05417,0.05456,22676459,1645752659999,1238016.70366,2713,14598657,796929.56869,0
1645752660000,0.05461,0.05485,0.05447,0.05485,7345677,1645752719999,400896.29354,1074,4279542,233647.76066,0
1645752720000,0.05485,0.05500,0.05454,0.05460,10518293,1645752779999,576439.45150,1480,5251684,288063.62694,0
1645752780000,0.05463,0.05498,0.05454,0.05491,8113906,1645752839999,444326.48586,1070,5505099,301430.12795,0
1645752840000,0.05492,0.05501,0.05462,0.05474,13975715,1645752899999,766644.59190,1700,7742599,424929.63211,0
1645752900000,0.05477,0.05506,0.05470,0.05493,8451115,1645752959999,464030.23225,1046,4775007,262230.27659,0
1645752960000,0.05495,0.05547,0.05490,0.05519,16405370,1645753019999,906207.56954,2283,10228315,565182.00233,0
1645753020000,0.05521,0.05527,0.05506,0.05511,7764073,1645753079999,428391.11732,1068,3144627,173553.70053,0
1645753080000,0.05510,0.05514,0.05476,0.05480,12795431,1645753139999,703126.00747,1287,3975653,218562.47045,0
1645753140000,0.05478,0.05485,0.05435,0.05441,17265889,1645753199999,942375.74374,1978,6589430,359755.35434,0
1645753200000,0.05441,0.05455,0.05431,0.05448,6512786,1645753259999,354381.88422,927,3727047,202831.34789,0
1645753260000,0.05447,0.05449,0.05429,0.05431,5360292,1645753319999,291431.15806,729,2224117,120935.36693,0
1645753320000,0.05430,0.05458,0.05426,0.05458,5732195,1645753379999,311972.39544,811,3872553,210842.85786,0
1645753380000,0.05457,0.05474,0.05438,0.05438,6420469,1645753439999,350196.22943,764,3927217,214203.12289,0
1645753440000,0.05439,0.05443,0.05410,0.05425,6988745,1645753499999,379306.50147,1044,3012238,163546.13776,0
1645753500000,0.05425,0.05450,0.05415,0.05447,5970618,1645753559999,324381.69732,797,3881236,210924.31407,0
1645753560000,0.05445,0.05459,0.05430,0.05436,5416639,1645753619999,294940.71824,699,2885306,157111.39735,0
1645753620000,0.05436,0.05441,0.05428,0.05431,2704974,1645753679999,146979.43478,359,1216174,66092.54553,0
1645753680000,0.05431,0.05438,0.05385,0.05387,8640414,1645753739999,468052.99371,1003,1967708,106618.25385,0
1645753740000,0.05391,0.05399,0.05376,0.05393,10731708,1645753799999,578202.82017,1313,4364280,235216.15000,0
1645753800000,0.05391,0.05402,0.05384,0.05396,5555949,1645753859999,299660.77181,644,3542566,191089.65126,0
1645753860000,0.05397,0.05406,0.05383,0.05397,3760097,1645753919999,202865.89525,449,1445691,78013.77212,0
1645753920000,0.05396,0.05406,0.05376,0.05397,3753561,1645753979999,202398.30011,525,1540395,83081.56123,0
1645753980000,0.05398,0.05418,0.05392,0.05411,3999870,1645754039999,216226.37117,539,2328610,125925.77313,0
1645754040000,0.05411,0.05416,0.05398,0.05400,3502381,1645754099999,189412.08772,383,1286480,69580.28060,0
1645754100000,0.05399,0.05410,0.05394,0.05398,2632220,1645754159999,142172.62002,368,1293503,69880.38792,0
1645754160000,0.05395,0.05403,0.05380,0.05385,3512264,1645754219999,189471.56047,509,2009202,108433.17471,0
1645754220000,0.05385,0.05409,0.05382,0.05399,3280896,1645754279999,177014.82137,497,1520658,82062.90671,0
1645754280000,0.05397,0.05408,0.05395,0.05398,1721606,1645754339999,93013.91961,311,885367,47840.97831,0
1645754340000,0.05399,0.05433,0.05398,0.05422,4127276,1645754399999,223472.67839,574,3136086,169776.97156,0
1645754400000,0.05420,0.05423,0.05403,0.05415,2517678,1645754459999,136263.86422,431,1417969,76742.69549,0
1645754460000,0.05415,0.05428,0.05402,0.05417,4328475,1645754519999,234349.84553,611,2221669,120295.86698,0
1645754520000,0.05415,0.05419,0.05381,0.05393,8258505,1645754579999,445755.81380,877,3174410,171314.17962,0
1645754580000,0.05392,0.05400,0.05378,0.05378,2248550,1645754639999,121236.16583,342,844663,45566.34140,0
1645754640000,0.05381,0.05392,0.05378,0.05385,2634452,1645754699999,141863.52588,376,1263472,68044.46896,0
1645754700000,0.05383,0.05400,0.05370,0.05397,4638143,1645754759999,249633.21191,624,2557658,137738.24976,0
1645754760000,0.05397,0.05409,0.05389,0.05399,3745869,1645754819999,202348.82373,592,1839565,99392.00261,0
1645754820000,0.05399,0.05413,0.05391,0.05391,1699833,1645754879999,91796.64508,333,836415,45169.26225,0
1645754880000,0.05391,0.05393,0.05372,0.05384,2882999,1645754939999,155142.39427,420,1109278,59694.11230,0
1645754940000,0.05384,0.05397,0.05380,0.05387,1752957,1645754999999,94462.91629,310,803695,43311.42543,0
1645755000000,0.05387,0.05403,0.05385,0.05402,2213910,1645755059999,119387.62866,271,1549275,83565.55456,0
1645755060000,0.05401,0.05408,0.05386,0.05393,2263250,1645755119999,122108.29279,337,924399,49871.19771,0
1645755120000,0.05392,0.05403,0.05389,0.05400,2598103,1645755179999,140215.91573,278,1328299,71702.50294,0
1645755180000,0.05404,0.05416,0.05394,0.05413,2756962,1645755239999,148997.73644,307,914876,49463.81957,0
1645755240000,0.05413,0.05462,0.05411,0.05459,6525605,1645755299999,355171.28643,770,5036956,274236.62214,0
1645755300000,0.05460,0.05481,0.05439,0.05463,7293709,1645755359999,398371.99414,968,3823781,208854.40956,0
1645755360000,0.05464,0.05470,0.05447,0.05450,5923634,1645755419999,323252.71307,649,2361879,128956.16861,0
1645755420000,0.05452,0.05455,0.05421,0.05425,3986216,1645755479999,216670.19235,707,1630373,88640.02705,0
1645755480000,0.05425,0.05442,0.05421,0.05430,1965395,1645755539999,106764.41002,426,1278062,69431.96712,0
1645755540000,0.05430,0.05464,0.05428,0.05442,3544565,1645755599999,193011.23424,707,2484011,135272.86914,0
1645755600000,0.05442,0.05457,0.05429,0.05438,3483395,1645755659999,189668.15031,665,1985779,108155.83297,0
1645755660000,0.05438,0.05451,0.05425,0.05431,5002290,1645755719999,271996.85081,677,2180897,118613.70276,0
1645755720000,0.05431,0.05435,0.05411,0.05414,6216251,1645755779999,337234.70527,699,3043091,165136.94060,0
1645755780000,0.05415,0.05430,0.05414,0.05418,2471714,1645755839999,133962.97201,454,1553201,84193.07872,0
1645755840000,0.05417,0.05422,0.05394,0.05395,6504296,1645755899999,351960.31328,679,2824988,152980.77243,0
1645755900000,0.05396,0.05402,0.05390,0.05392,2017150,1645755959999,108847.77579,391,1203524,64953.32761,0
1645755960000,0.05392,0.05402,0.05373,0.05374,6774953,1645756019999,365173.66073,635,3152229,169982.36843,0
1645756020000,0.05375,0.05422,0.05374,0.05419,3731083,1645756079999,201481.78032,666,2902437,156763.10806,0
1645756080000,0.05420,0.05431,0.05416,0.05431,5449077,1645756139999,295434.70174,501,3829835,207662.59513,0
1645756140000,0.05430,0.05435,0.05415,0.05422,1668719,1645756199999,90536.65083,378,677366,36755.01053,0
1645756200000,0.05422,0.05439,0.05421,0.05426,2710390,1645756259999,147158.46116,461,1605184,87161.85256,0
1645756260000,0.05425,0.05452,0.05416,0.05443,3654863,1645756319999,198736.01101,562,1746715,95010.08926,0
1645756320000,0.05442,0.05442,0.05411,0.05430,5475627,1645756379999,297065.75218,540,2011787,109177.25940,0
1645756380000,0.05431,0.05440,0.05417,0.05436,3322353,1645756439999,180315.41202,441,1699474,92242.97271,0
1645756440000,0.05437,0.05450,0.05431,0.05450,3116992,1645756499999,169581.82786,418,1600082,87078.20098,0
1645756500000,0.05449,0.05464,0.05431,0.05435,3675239,1645756559999,200353.91474,549,1716909,93623.56554,0
1645756560000,0.05435,0.05438,0.05421,0.05428,2997175,1645756619999,162711.65226,441,1206000,65487.22627,0
1645756620000,0.05428,0.05429,0.05411,0.05418,2055357,1645756679999,111394.92572,429,808518,43835.90247,0
1645756680000,0.05417,0.05429,0.05412,0.05426,1957844,1645756739999,106106.94950,353,1080963,58600.14313,0
1645756740000,0.05427,0.05429,0.05417,0.05425,1236696,1645756799999,67083.17701,326,431315,23395.06560,0
1645756800000,0.05426,0.05448,0.05424,0.05441,2605761,1645756859999,141700.21245,346,1556623,84644.25182,0
1645756860000,0.05444,0.05444,0.05428,0.05429,2231033,1645756919999,121350.00878,295,1073009,58369.17950,0
1645756920000,0.05428,0.05439,0.05424,0.05428,1687085,1645756979999,91618.93185,324,1064663,57827.95235,0
1645756980000,0.05431,0.05495,0.05421,0.05487,13598147,1645757039999,744201.34081,1263,6386161,349013.20512,0
1645757040000,0.05487,0.05530,0.05480,0.05521,13810858,1645757099999,760528.34933,1876,8463072,466101.52358,0
1645757100000,0.05521,0.05627,0.05494,0.05597,33212954,1645757159999,1849841.77900,4335,21176359,1179452.82184,0
1645757160000,0.05594,0.05661,0.05573,0.05640,27064368,1645757219999,1521263.42687,3689,16939784,952604.10420,0
1645757220000,0.05640,0.05642,0.05607,0.05615,11601804,1645757279999,652482.86874,1718,5156869,290107.68338,0
1645757280000,0.05610,0.05612,0.05578,0.05600,10990293,1645757339999,614691.44556,1621,4896994,273849.86729,0
1645757340000,0.05601,0.05610,0.05569,0.05581,7379673,1645757399999,412325.14844,993,1844595,103131.81304,0
1645757400000,0.05581,0.05617,0.05564,0.05602,8699122,1645757459999,486902.42069,1295,5365099,300516.34249,0
1645757460000,0.05602,0.05606,0.05583,0.05585,4975465,1645757519999,278280.28170,750,2097043,117311.71121,0
1645757520000,0.05587,0.05610,0.05583,0.05607,5601308,1645757579999,313592.11534,819,3737752,209347.31592,0
1645757580000,0.05609,0.05672,0.05594,0.05663,20946349,1645757639999,1181641.36141,2757,13967000,787831.81652,0
1645757640000,0.05666,0.05668,0.05628,0.05635,10419097,1645757699999,588052.68904,1531,3887442,219433.04339,0
1645757700000,0.05635,0.05638,0.05610,0.05637,5922555,1645757759999,332998.28873,1186,2502849,140776.59262,0
1645757760000,0.05636,0.05653,0.05610,0.05649,6530186,1645757819999,367488.90945,1349,3678826,207124.85173,0
1645757820000,0.05648,0.05652,0.05614,0.05627,8075291,1645757879999,454956.05194,1292,3499973,197273.24305,0
1645757880000,0.05627,0.05627,0.05578,0.05602,11096143,1645757939999,621106.42467,1585,3949047,220984.23504,0
1645757940000,0.05601,0.05627,0.05600,0.05610,7535140,1645757999999,422826.07742,1009,2628758,147478.67224,0
1645758000000,0.05610,0.05612,0.05587,0.05592,5191420,1645758059999,290810.94611,737,2023771,113399.43728,0
1645758060000,0.05592,0.05595,0.05577,0.05577,4652580,1645758119999,259787.62118,647,2176224,121522.01059,0
1645758120000,0.05578,0.05625,0.05574,0.05601,14329177,1645758179999,802491.35986,1669,10088243,564982.68063,0
1645758180000,0.05600,0.05606,0.05591,0.05594,3538235,1645758239999,198119.38447,775,2498303,139910.89401,0
1645758240000,0.05594,0.05599,0.05570,0.05575,3879335,1645758299999,216557.96552,650,1284989,71762.98904,0
1645758300000,0.05575,0.05591,0.05557,0.05557,8190648,1645758359999,456427.97507,1012,2801008,156164.26744,0
1645758360000,0.05558,0.05563,0.05540,0.05540,6802002,1645758419999,377680.86310,905,2184294,121323.52321,0
1645758420000,0.05540,0.05550,0.05528,0.05537,4764876,1645758479999,263913.02407,724,1984181,109931.42135,0
1645758480000,0.05536,0.05549,0.05534,0.05543,4899021,1645758539999,271439.44784,767,2931075,162432.73494,0
1645758540000,0.05541,0.05556,0.05526,0.05547,6436354,1645758599999,356568.43209,940,2265177,125574.66499,0
1645758600000,0.05547,0.05555,0.05538,0.05543,3649343,1645758659999,202461.80881,652,1960275,108775.96988,0
1645758660000,0.05540,0.05566,0.05539,0.05560,5138441,1645758719999,285535.38761,747,3954674,219771.22083,0
1645758720000,0.05560,0.05575,0.05542,0.05544,5454407,1645758779999,303277.48233,865,2331480,129726.51509,0
1645758780000,0.05544,0.05565,0.05542,0.05557,5921190,1645758839999,328682.46852,701,4779018,265254.45541,0
1645758840000,0.05554,0.05558,0.05528,0.05532,4583876,1645758899999,254006.50150,788,1616817,89654.04478,0
1645758900000,0.05533,0.05534,0.05490,0.05498,13916363,1645758959999,766826.64798,1622,4728915,260647.20951,0
1645758960000,0.05499,0.05499,0.05466,0.05483,15981317,1645759019999,876027.39836,1700,6165831,338069.58111,0
1645759020000,0.05485,0.05498,0.05474,0.05485,6526733,1645759079999,357930.02640,1031,2640339,144818.70698,0
1645759080000,0.05484,0.05492,0.05475,0.05477,3740410,1645759139999,205150.26906,665,1890741,103721.46253,0
1645759140000,0.05476,0.05495,0.05464,0.05484,3888878,1645759199999,213044.16200,688,1539510,84394.00349,0
1645759200000,0.05483,0.05500,0.05476,0.05495,3335413,1645759259999,183035.04900,581,2235362,122713.83721,0
1645759260000,0.05495,0.05497,0.05474,0.05479,3145040,1645759319999,172536.24931,516,1345456,73836.34808,0
1645759320000,0.05479,0.05483,0.05463,0.05464,4829660,1645759379999,264242.23618,729,1521980,83288.52358,0
1645759380000,0.05464,0.05480,0.05457,0.05471,5392965,1645759439999,294882.64336,808,2235933,122338.32617,0
1645759440000,0.05472,0.05480,0.05437,0.05445,7519256,1645759499999,410269.46598,1082,2248432,122777.03136,0
1645759500000,0.05446,0.05458,0.05436,0.05443,5401803,1645759559999,294142.05164,691,2204130,120060.89310,0
1645759560000,0.05443,0.05461,0.05441,0.05449,3440587,1645759619999,187611.73466,601,2078445,113338.45441,0
1645759620000,0.05449,0.05467,0.05447,0.05464,3298186,1645759679999,179971.73923,505,2108139,115067.76829,0
1645759680000,0.05463,0.05466,0.05453,0.05465,3147082,1645759739999,171822.50142,402,2198106,120021.40930,0
1645759740000,0.05465,0.05468,0.05455,0.05465,3682061,1645759799999,201086.93174,491,1629325,89002.97956,0
1645759800000,0.05465,0.05479,0.05451,0.05458,4148901,1645759859999,226761.42273,566,2038739,111485.55741,0
1645759860000,0.05457,0.05460,0.05436,0.05442,4405657,1645759919999,240184.82020,521,1158748,63175.86483,0
1645759920000,0.05444,0.05468,0.05441,0.05458,3233209,1645759979999,176338.16666,632,1976462,107858.76730,0
1645759980000,0.05459,0.05462,0.05445,0.05445,2601536,1645760039999,141909.88527,438,783153,42738.85471,0
1645760040000,0.05445,0.05460,0.05442,0.05445,2625747,1645760099999,143161.64371,453,1016553,55451.44383,0
1645760100000,0.05445,0.05471,0.05444,0.05461,3507630,1645760159999,191440.75568,562,2128247,116194.55965,0
1645760160000,0.05460,0.05468,0.05449,0.05455,2701604,1645760219999,147447.31384,432,1317805,71951.12793,0
1645760220000,0.05456,0.05467,0.05453,0.05465,2490478,1645760279999,135990.55546,425,1458629,79665.32875,0
1645760280000,0.05466,0.05511,0.05459,0.05504,10407828,1645760339999,570996.06242,1349,7861863,431411.02811,0
1645760340000,0.05503,0.05510,0.05476,0.05478,5882336,1645760399999,323257.86842,856,3180362,174891.77645,0
1645760400000,0.05480,0.05499,0.05470,0.05477,5554080,1645760459999,304660.77752,969,3267453,179225.23156,0
1645760460000,0.05476,0.05516,0.05471,0.05515,5080421,1645760519999,279308.69412,907,3721974,204623.55566,0
1645760520000,0.05515,0.05543,0.05511,0.05531,7113568,1645760579999,393459.60070,1218,3708749,205135.08637,0
1645760580000,0.05533,0.05534,0.05494,0.05503,4638729,1645760639999,255751.21910,754,1846849,101842.35218,0
1645760640000,0.05501,0.05524,0.05500,0.05524,2136761,1645760699999,117679.29270,450,1293762,71272.66063,0
1645760700000,0.05523,0.05526,0.05503,0.05507,3099844,1645760759999,170917.01030,518,1112692,61370.26377,0
1645760760000,0.05511,0.05513,0.05493,0.05495,2744141,1645760819999,150963.12219,453,902954,49679.87677,0
1645760820000,0.05494,0.05495,0.05466,0.05471,3488937,1645760879999,191137.37547,528,983272,53880.90966,0
1645760880000,0.05471,0.05480,0.05463,0.05473,2046251,1645760939999,111977.42625,433,1015865,55617.02127,0
1645760940000,0.05470,0.05495,0.05469,0.05483,4349138,1645760999999,238389.05840,491,3546248,194384.35161,0
1645761000000,0.05483,0.05495,0.05479,0.05481,1761074,1645761059999,96613.81376,378,1176946,64584.25279,0
1645761060000,0.05479,0.05492,0.05471,0.05477,3708628,1645761119999,203240.96464,579,2053212,112535.65749,0
1645761120000,0.05479,0.05489,0.05476,0.05477,2636611,1645761179999,144537.12535,361,1181803,64791.69823,0
1645761180000,0.05477,0.05494,0.05472,0.05477,3438929,1645761239999,188504.63736,596,2029600,111268.84488,0
1645761240000,0.05479,0.05526,0.05479,0.05513,5546092,1645761299999,305214.09700,941,3391079,186617.81028,0
1645761300000,0.05512,0.05535,0.05511,0.05515,5354711,1645761359999,295691.19959,874,3459448,191041.86794,0
1645761360000,0.05515,0.05522,0.05490,0.05500,3849397,1645761419999,211841.39823,618,1676327,92289.40758,0
1645761420000,0.05499,0.05515,0.05493,0.05499,3231178,1645761479999,177942.87215,484,1429143,78695.54683,0
1645761480000,0.05501,0.05508,0.05490,0.05505,2750926,1645761539999,151238.20078,494,1554958,85504.16184,0
1645761540000,0.05505,0.05508,0.05491,0.05491,3034583,1645761599999,166846.24241,379,1466980,80655.99501,0
1645761600000,0.05493,0.05497,0.05470,0.05471,7145074,1645761659999,391477.02925,792,1912753,104756.33600,0
1645761660000,0.05472,0.05473,0.05450,0.05452,4863069,1645761719999,265680.16975,779,1709360,93438.44500,0
1645761720000,0.05452,0.05460,0.05445,0.05460,5384246,1645761779999,293603.29842,808,2291949,125017.45254,0
1645761780000,0.05460,0.05468,0.05446,0.05465,3623109,1645761839999,197756.48643,567,1717300,93779.02711,0
1645761840000,0.05466,0.05474,0.05458,0.05469,3294944,1645761899999,180121.95604,567,1550550,84783.30912,0
1645761900000,0.05472,0.05477,0.05462,0.05468,3447558,1645761959999,188528.79036,616,1458101,79748.34064,0
1645761960000,0.05468,0.05480,0.05464,0.05471,2684574,1645762019999,146871.52234,377,872634,47750.56235,0
1645762020000,0.05470,0.05504,0.05470,0.05504,4870558,1645762079999,267299.09520,723,3474088,190711.87443,0
1645762080000,0.05503,0.05504,0.05467,0.05471,3144615,1645762139999,172662.85682,539,991118,54446.10940,0
1645762140000,0.05469,0.05469,0.05454,0.05461,2854773,1645762199999,155890.18132,466,1186998,64826.10952,0
1645762200000,0.05461,0.05461,0.05444,0.05447,4314037,1645762259999,235176.99879,595,2160886,117816.52147,0
1645762260000,0.05447,0.05450,0.05432,0.05434,5151205,1645762319999,280129.86562,636,2085301,113430.11198,0
1645762320000,0.05432,0.05439,0.05410,0.05414,10622043,1645762379999,576278.33550,1248,3347603,181694.44393,0
1645762380000,0.05413,0.05434,0.05410,0.05434,5521842,1645762439999,299177.82611,836,2785641,151004.59498,0
1645762440000,0.05434,0.05446,0.05425,0.05436,7743297,1645762499999,420921.86077,631,4561761,248033.78520,0
1645762500000,0.05435,0.05442,0.05431,0.05436,2552634,1645762559999,138775.72330,422,1004511,54623.81177,0
1645762560000,0.05437,0.05468,0.05430,0.05457,6523675,1645762619999,355727.88819,913,4604768,251137.84252,0
1645762620000,0.05458,0.05467,0.05457,0.05457,1847135,1645762679999,100899.90935,366,982749,53687.35494,0
1645762680000,0.05458,0.05459,0.05435,0.05443,4623363,1645762739999,251719.91964,669,1140773,62107.28068,0
1645762740000,0.05440,0.05443,0.05417,0.05420,4998208,1645762799999,271518.21371,650,2277155,123701.57947,0
1645762800000,0.05419,0.05443,0.05416,0.05433,3161511,1645762859999,171781.64517,560,1516872,82417.95807,0
1645762860000,0.05434,0.05450,0.05427,0.05446,3527304,1645762919999,191777.59772,501,2089041,113611.10115,0
1645762920000,0.05448,0.05452,0.05442,0.05450,2387831,1645762979999,130088.72499,405,1417159,77218.64749,0
1645762980000,0.05449,0.05455,0.05440,0.05454,2473908,1645763039999,134789.25838,498,1131999,61689.56630,0
1645763040000,0.05455,0.05473,0.05454,0.05461,3236598,1645763099999,176914.80847,518,1852317,101250.85706,0
1645763100000,0.05461,0.05483,0.05459,0.05473,3161827,1645763159999,173053.10025,487,2062129,112871.52457,0
1645763160000,0.05473,0.05477,0.05464,0.05473,2580546,1645763219999,141129.22015,328,1891073,103426.34671,0
1645763220000,0.05473,0.05496,0.05472,0.05489,5451387,1645763279999,298950.91168,757,3849836,211163.67419,0
1645763280000,0.05489,0.05494,0.05482,0.05484,3576349,1645763339999,196286.26253,419,1831084,100510.05780,0
1645763340000,0.05484,0.05495,0.05476,0.05489,2634173,1645763399999,144480.73417,336,1795332,98475.93602,0
1645763400000,0.05489,0.05500,0.05486,0.05495,1879853,1645763459999,103243.94619,320,1450744,79684.09591,0
1645763460000,0.05495,0.05496,0.05477,0.05478,3364559,1645763519999,184606.20966,461,974654,53489.00376,0
1645763520000,0.05477,0.05480,0.05456,0.05458,2761624,1645763579999,151003.72767,500,1065586,58271.07014,0
1645763580000,0.05459,0.05461,0.05438,0.05443,3866948,1645763639999,210734.67596,533,1209828,65973.54258,0
1645763640000,0.05442,0.05457,0.05438,0.05441,2661885,1645763699999,144991.33240,388,1416943,77174.90957,0
1645763700000,0.05440,0.05444,0.05426,0.05439,6799636,1645763759999,369491.52191,845,2248647,122236.78269,0
1645763760000,0.05440,0.05462,0.05439,0.05461,4987492,1645763819999,272031.65511,571,3876997,211455.73346,0
1645763820000,0.05462,0.05474,0.05460,0.05461,3152246,1645763879999,172273.25377,469,1580566,86383.17104,0
1645763880000,0.05462,0.05463,0.05441,0.05459,4410397,1645763939999,240414.09541,490,1379866,75203.26460,0
1645763940000,0.05459,0.05478,0.05453,0.05463,2839472,1645763999999,155212.16562,508,1837590,100456.27413,0
1645764000000,0.05464,0.05472,0.05450,0.05465,3054163,1645764059999,166759.44766,457,1601725,87456.33148,0
1645764060000,0.05464,0.05470,0.05460,0.05461,2159978,1645764119999,118050.71135,326,695725,38030.46149,0
1645764120000,0.05461,0.05473,0.05455,0.05465,3149923,1645764179999,172127.15560,477,1586656,86724.33449,0
1645764180000,0.05466,0.05478,0.05464,0.05469,2740156,1645764239999,149852.00116,292,2065841,112966.00344,0
1645764240000,0.05468,0.05474,0.05457,0.05464,1856716,1645764299999,101534.87535,292,675551,36945.88795,0
1645764300000,0.05463,0.05467,0.05441,0.05441,2017957,1645764359999,110015.95497,342,705469,38475.77211,0
1645764360000,0.05441,0.05482,0.05441,0.05472,5278274,1645764419999,288661.23962,829,2796802,152928.17279,0
1645764420000,0.05474,0.05479,0.05450,0.05453,4072128,1645764479999,222427.66124,565,2359217,128841.44248,0
1645764480000,0.05453,0.05464,0.05442,0.05445,3441163,1645764539999,187589.37872,509,1275479,69550.34198,0
1645764540000,0.05447,0.05469,0.05441,0.05467,2478091,1645764599999,135036.39645,418,1638978,89320.08361,0
1645764600000,0.05468,0.05482,0.05463,0.05479,4307916,1645764659999,235736.54769,533,2519612,137905.85582,0
1645764660000,0.05480,0.05499,0.05475,0.05480,4730042,1645764719999,259513.95080,597,2888089,158488.73820,0
1645764720000,0.05482,0.05544,0.05481,0.05523,10342054,1645764779999,570419.83845,1142,8066964,444884.78215,0
1645764780000,0.05521,0.05522,0.05505,0.05511,4857135,1645764839999,267852.06931,807,2681936,147931.06546,0
1645764840000,0.05511,0.05513,0.05499,0.05505,2481886,1645764899999,136628.27580,384,1029032,56664.75081,0
1645764900000,0.05505,0.05523,0.05503,0.05518,4263683,1645764959999,235117.94220,600,2966441,163595.55225,0
1645764960000,0.05519,0.05542,0.05513,0.05538,5217594,1645765019999,288217.51073,711,4095227,226215.10055,0
1645765020000,0.05542,0.05544,0.05518,0.05521,5003550,1645765079999,276824.81816,668,2325738,128669.59086,0
1645765080000,0.05523,0.05526,0.05510,0.05514,2113249,1645765139999,116594.69074,262,905500,49958.61438,0
1645765140000,0.05514,0.05517,0.05493,0.05496,5137791,1645765199999,282901.10048,592,1599963,88134.96660,0
1645765200000,0.05495,0.05502,0.05483,0.05483,3714217,1645765259999,204047.76631,573,1226593,67423.67359,0
1645765260000,0.05485,0.05503,0.05484,0.05497,3203413,1645765319999,175886.04353,448,2270702,124689.48289,0
1645765320000,0.05497,0.05525,0.05491,0.05513,12514646,1645765379999,689327.07666,1237,6140931,338333.53814,0
1645765380000,0.05512,0.05518,0.05492,0.05495,3082735,1645765439999,169662.36529,435,1149731,63310.39970,0
1645765440000,0.05493,0.05499,0.05461,0.05467,8870496,1645765499999,486163.84372,965,1955373,107253.47065,0
1645765500000,0.05469,0.05484,0.05446,0.05473,10285507,1645765559999,561938.01940,1165,5962139,325758.88638,0
1645765560000,0.05472,0.05479,0.05454,0.05459,7069836,1645765619999,386427.99565,838,2627721,143666.56425,0
1645765620000,0.05459,0.05470,0.05450,0.05454,3730685,1645765679999,203688.62478,477,1908808,104235.16673,0
1645765680000,0.05454,0.05455,0.05411,0.05432,9602548,1645765739999,521988.58998,1066,2419477,131601.61568,0
1645765740000,0.05433,0.05445,0.05380,0.05388,16282686,1645765799999,880283.60563,2097,5202661,281218.09829,0
1645765800000,0.05387,0.05411,0.05381,0.05405,10622185,1645765859999,573614.94519,1370,7248406,391508.36747,0
1645765860000,0.05406,0.05425,0.05400,0.05413,7140277,1645765919999,386338.86024,918,4296659,232552.29480,0
1645765920000,0.05414,0.05420,0.05401,0.05406,4314252,1645765979999,233463.62976,503,2196085,118858.06381,0
1645765980000,0.05406,0.05423,0.05394,0.05403,5981057,1645766039999,323465.98305,589,2939230,159010.77691,0
1645766040000,0.05403,0.05407,0.05376,0.05395,6502184,1645766099999,350614.50323,828,2133253,115093.67701,0
1645766100000,0.05395,0.05413,0.05386,0.05411,5671307,1645766159999,306049.30267,671,3985464,215073.72609,0
1645766160000,0.05409,0.05437,0.05407,0.05431,7763016,1645766219999,421110.79555,926,5502861,298571.59205,0
1645766220000,0.05432,0.05454,0.05428,0.05450,6258888,1645766279999,340614.46816,897,4255030,231622.29514,0
1645766280000,0.05450,0.05460,0.05437,0.05448,6880627,1645766339999,374880.81508,1037,2717156,148101.82358,0
1645766340000,0.05447,0.05450,0.05418,0.05430,4552849,1645766399999,247266.60622,639,1315516,71459.38198,0
1645766400000,0.05429,0.05441,0.05423,0.05434,3015895,1645766459999,163784.96465,486,1832765,99532.45338,0
1645766460000,0.05435,0.05451,0.05430,0.05441,3756427,1645766519999,204361.98432,570,2207521,120104.25792,0
1645766520000,0.05438,0.05464,0.05438,0.05459,3631845,1645766579999,197954.66563,476,1896822,103390.95114,0
1645766580000,0.05459,0.05506,0.05457,0.05490,10265904,1645766639999,563197.36697,1231,7966746,437171.42686,0
1645766640000,0.05491,0.05493,0.05476,0.05488,5228752,1645766699999,286782.89575,612,2026715,111193.41818,0
1645766700000,0.05487,0.05492,0.05465,0.05476,3659515,1645766759999,200592.44194,580,1433445,78624.75883,0
1645766760000,0.05477,0.05484,0.05462,0.05468,2756883,1645766819999,150846.01721,450,1145247,62675.09972,0
1645766820000,0.05468,0.05476,0.05454,0.05476,4574556,1645766879999,250059.32980,641,2617285,143155.87413,0
1645766880000,0.05475,0.05489,0.05464,0.05466,7308905,1645766939999,400180.32065,788,4592594,251510.90049,0
1645766940000,0.05467,0.05472,0.05453,0.05464,5130667,1645766999999,280233.02976,652,1958878,107019.66383,0
1645767000000,0.05464,0.05465,0.05442,0.05444,2790845,1645767059999,152097.62980,443,1145919,62466.86345,0
1645767060000,0.05444,0.05470,0.05440,0.05445,5644961,1645767119999,307891.61806,859,2116202,115443.26426,0
1645767120000,0.05448,0.05454,0.05443,0.05444,2658221,1645767179999,144842.98737,457,1539986,83917.26308,0
1645767180000,0.05445,0.05455,0.05433,0.05451,3094089,1645767239999,168448.57000,449,1708743,93058.71968,0
1645767240000,0.05449,0.05455,0.05445,0.05453,2637954,1645767299999,143754.35625,308,1640185,89387.13633,0
1645767300000,0.05453,0.05454,0.05442,0.05448,3217515,1645767359999,175323.08200,408,869981,47405.96164,0
1645767360000,0.05447,0.05448,0.05434,0.05443,4089032,1645767419999,222516.73270,477,2422474,131850.45201,0
1645767420000,0.05443,0.05450,0.05437,0.05442,3547832,1645767479999,193140.31853,504,1283104,69858.78235,0
1645767480000,0.05441,0.05453,0.05425,0.05451,4643543,1645767539999,252434.95910,705,2836761,154300.97588,0
1645767540000,0.05453,0.05454,0.05437,0.05437,2960862,1645767599999,161200.71153,527,1628495,88666.56578,0
1645767600000,0.05437,0.05440,0.05416,0.05432,5656278,1645767659999,306973.00129,724,2524448,137056.80008,0
1645767660000,0.05433,0.05452,0.05430,0.05447,3134918,1645767719999,170635.31357,491,2381172,129621.84905,0
1645767720000,0.05448,0.05450,0.05438,0.05447,2406076,1645767779999,130973.81738,373,1846790,100532.04372,0
1645767780000,0.05447,0.05461,0.05447,0.05448,3487762,1645767839999,190176.25832,531,2543810,138713.24882,0
1645767840000,0.05448,0.05458,0.05439,0.05451,2485079,1645767899999,135373.85621,385,1374780,74902.72606,0
1645767900000,0.05450,0.05454,0.05446,0.05454,1567974,1645767959999,85452.77142,279,933674,50893.21687,0
1645767960000,0.05453,0.05455,0.05445,0.05445,1268192,1645768019999,69125.28056,243,389894,21249.65680,0
1645768020000,0.05446,0.05467,0.05444,0.05464,2826030,1645768079999,154265.99117,530,1802718,98411.72138,0
1645768080000,0.05464,0.05482,0.05461,0.05479,3136712,1645768139999,171695.69865,544,1906451,104373.71343,0
1645768140000,0.05479,0.05486,0.05476,0.05482,1854063,1645768199999,101618.56828,391,884786,48509.38299,0
1645768200000,0.05482,0.05483,0.05459,0.05465,6641779,1645768259999,363140.27437,816,1830329,100081.61343,0
1645768260000,0.05464,0.05490,0.05464,0.05479,4311822,1645768319999,236282.87324,568,3350645,183638.18556,0
1645768320000,0.05478,0.05481,0.05464,0.05466,2354924,1645768379999,128895.67680,395,1098750,60146.29070,0
1645768380000,0.05467,0.05469,0.05461,0.05464,1946453,1645768439999,106376.66877,423,623403,34078.24232,0
1645768440000,0.05464,0.05471,0.05461,0.05468,3041678,1645768499999,166226.35902,384,1943684,106226.37292,0
1645768500000,0.05468,0.05469,0.05439,0.05452,5764925,1645768559999,314275.72064,721,1607206,87632.04464,0
1645768560000,0.05453,0.05458,0.05448,0.05449,1904117,1645768619999,103836.77577,283,482086,26291.09486,0
1645768620000,0.05448,0.05462,0.05444,0.05444,3311484,1645768679999,180543.32784,352,1028600,56119.70248,0
1645768680000,0.05445,0.05448,0.05430,0.05437,4553206,1645768739999,247587.23953,638,2290840,124591.11346,0
1645768740000,0.05438,0.05442,0.05431,0.05433,3361092,1645768799999,182799.11931,432,1005198,54669.11389,0
1645768800000,0.05432,0.05446,0.05432,0.05440,3437785,1645768859999,186951.31820,487,2051878,111599.32665,0
1645768860000,0.05440,0.05446,0.05412,0.05414,4552541,1645768919999,246973.83543,773,1615319,87629.68266,0
1645768920000,0.05414,0.05443,0.05405,0.05443,6704563,1645768979999,363424.75981,811,3453641,187283.82585,0
1645768980000,0.05442,0.05471,0.05441,0.05471,3909435,1645769039999,213343.60507,562,2205249,120380.08092,0
1645769040000,0.05468,0.05475,0.05447,0.05451,6031143,1645769099999,329433.35329,630,1471828,80353.76128,0
1645769100000,0.05450,0.05450,0.05423,0.05431,3617415,1645769159999,196582.24386,606,1735479,94334.63856,0
1645769160000,0.05431,0.05432,0.05414,0.05420,4866400,1645769219999,263943.48139,633,2452061,132993.75961,0
1645769220000,0.05419,0.05439,0.05418,0.05432,3122349,1645769279999,169585.85189,443,2077692,112838.59692,0
1645769280000,0.05432,0.05482,0.05432,0.05477,11853487,1645769339999,647750.25250,1243,8664668,473427.74361,0
1645769340000,0.05478,0.05485,0.05469,0.05480,4248706,1645769399999,232742.68853,652,2328637,127596.93649,0
1645769400000,0.05480,0.05512,0.05480,0.05494,10199810,1645769459999,560587.39601,1331,7614384,418572.76866,0
1645769460000,0.05495,0.05523,0.05493,0.05502,11943740,1645769519999,658389.04938,1362,6889497,379857.70068,0
1645769520000,0.05501,0.05510,0.05489,0.05491,4527363,1645769579999,248997.29277,693,1761083,96878.45601,0
1645769580000,0.05492,0.05498,0.05481,0.05483,3124522,1645769639999,171594.15757,448,1283991,70531.63307,0
1645769640000,0.05483,0.05509,0.05482,0.05502,4298772,1645769699999,236152.54909,575,3253239,178718.45543,0
1645769700000,0.05504,0.05510,0.05481,0.05493,4196237,1645769759999,230471.17726,729,2455490,134905.27051,0
1645769760000,0.05494,0.05505,0.05485,0.05499,2768123,1645769819999,152053.06363,447,1560991,85771.58464,0
1645769820000,0.05500,0.05519,0.05496,0.05517,4530129,1645769879999,249628.65827,740,2887064,159115.45495,0
1645769880000,0.05516,0.05540,0.05515,0.05529,8940604,1645769939999,494354.77648,1206,5315187,293910.12961,0
1645769940000,0.05529,0.05540,0.05516,0.05533,4867959,1645769999999,269142.59101,747,2339625,129431.23242,0
1645770000000,0.05532,0.05534,0.05510,0.05510,6249216,1645770059999,345109.17858,746,2783768,153811.66630,0
1645770060000,0.05511,0.05519,0.05503,0.05513,3233370,1645770119999,178214.39527,474,1961164,108111.20077,0
1645770120000,0.05514,0.05520,0.05485,0.05487,7711722,1645770179999,424051.15584,838,1511187,83184.15619,0
1645770180000,0.05487,0.05495,0.05470,0.05474,6977971,1645770239999,382517.22808,959,2468243,135343.79258,0
1645770240000,0.05474,0.05491,0.05472,0.05489,4655508,1645770299999,255193.84056,701,3068301,168200.77877,0
1645770300000,0.05489,0.05490,0.05472,0.05480,2539442,1645770359999,139140.64514,506,1202965,65919.29049,0
1645770360000,0.05476,0.05481,0.05465,0.05469,4253389,1645770419999,232724.45399,646,1185578,64896.70703,0
1645770420000,0.05468,0.05473,0.05459,0.05472,4538722,1645770479999,248072.29197,847,1908829,104362.35123,0
1645770480000,0.05470,0.05470,0.05452,0.05452,4157326,1645770539999,227020.71244,781,1763488,96312.49601,0
1645770540000,0.05452,0.05464,0.05451,0.05461,3332926,1645770599999,181883.65204,529,2407606,131393.52482,0
1645770600000,0.05461,0.05466,0.05449,0.05452,2696413,1645770659999,147132.90741,634,1221076,66655.79231,0
1645770660000,0.05452,0.05459,0.05446,0.05448,5199786,1645770719999,283439.74484,819,2246798,122502.15177,0
1645770720000,0.05449,0.05451,0.05440,0.05446,2945491,1645770779999,160388.35725,646,1549430,84384.24202,0
1645770780000,0.05445,0.05452,0.05427,0.05433,4489034,1645770839999,244074.21551,641,1409984,76677.11130,0
1645770840000,0.05435,0.05445,0.05429,0.05438,3752133,1645770899999,204008.62600,597,1872916,101844.04740,0
1645770900000,0.05440,0.05485,0.05437,0.05478,6944041,1645770959999,379201.43702,1132,5234629,285869.72671,0
1645770960000,0.05478,0.05487,0.05463,0.05470,3913557,1645771019999,214283.41610,714,1598682,87565.10637,0
1645771020000,0.05469,0.05481,0.05467,0.05477,1398000,1645771079999,76517.71427,324,881377,48253.41334,0
1645771080000,0.05478,0.05490,0.05477,0.05481,3361851,1645771139999,184326.97577,597,1585417,86946.54337,0
1645771140000,0.05482,0.05497,0.05482,0.05490,3588185,1645771199999,196991.55587,674,2009651,110341.98528,0
1645771200000,0.05490,0.05502,0.05480,0.05502,4647224,1645771259999,255198.78996,819,2616441,143764.43122,0
1645771260000,0.05501,0.05526,0.05487,0.05514,11444113,1645771319999,630304.36894,1571,8572074,472255.55729,0
1645771320000,0.05513,0.05517,0.05499,0.05502,4812311,1645771379999,265156.05375,721,1982718,109246.95856,0
1645771380000,0.05501,0.05511,0.05494,0.05502,4720574,1645771439999,259708.48344,679,1997051,109904.69487,0
1645771440000,0.05503,0.05504,0.05493,0.05494,1568646,1645771499999,86245.66597,398,549135,30195.25315,0
1645771500000,0.05495,0.05506,0.05484,0.05506,3895641,1645771559999,214019.47703,693,1713685,94195.86749,0
1645771560000,0.05505,0.05521,0.05504,0.05514,8211694,1645771619999,452831.30864,921,4776055,263399.10692,0
1645771620000,0.05516,0.05522,0.05497,0.05499,2938664,1645771679999,161869.59115,587,1108261,61074.85452,0
1645771680000,0.05498,0.05502,0.05490,0.05490,2421935,1645771739999,133105.64328,496,1134632,62368.90156,0
1645771740000,0.05491,0.05510,0.05490,0.05506,3849133,1645771799999,211653.39279,534,2773060,152498.08758,0
1645771800000,0.05506,0.05508,0.05495,0.05504,1430095,1645771859999,78670.77173,331,853441,46950.23484,0
1645771860000,0.05505,0.05540,0.05505,0.05534,7460927,1645771919999,412408.82786,1143,5293291,292580.41259,0
1645771920000,0.05535,0.05545,0.05526,0.05533,6182926,1645771979999,342335.60661,941,3557992,197073.18576,0
1645771980000,0.05533,0.05538,0.05525,0.05526,3325858,1645772039999,183956.32351,541,1944884,107599.49103,0
1645772040000,0.05527,0.05539,0.05522,0.05535,3155389,1645772099999,174511.50429,661,1539779,85190.54082,0
1645772100000,0.05535,0.05536,0.05515,0.05532,4407560,1645772159999,243553.32403,712,2214885,122440.10512,0
1645772160000,0.05535,0.05538,0.05522,0.05535,3906771,1645772219999,216079.30257,623,2195873,121460.70049,0
1645772220000,0.05536,0.05581,0.05536,0.05556,18345189,1645772279999,1020323.08214,2575,13261911,737608.52684,0
1645772280000,0.05556,0.05563,0.05533,0.05534,9007508,1645772339999,499971.03472,1376,3563368,197909.21340,0
1645772340000,0.05535,0.05540,0.05529,0.05537,5526046,1645772399999,305823.72127,714,3062493,169510.86024,0
1645772400000,0.05537,0.05538,0.05515,0.05535,6924467,1645772459999,382663.00252,956,3515778,194328.88992,0
1645772460000,0.05534,0.05563,0.05532,0.05559,5090067,1645772519999,282212.21817,853,3431998,190328.37342,0
1645772520000,0.05561,0.05590,0.05556,0.05582,11490208,1645772579999,640091.67525,1615,5916740,329760.66135,0
1645772580000,0.05581,0.05582,0.05553,0.05557,7717813,1645772639999,429351.11603,1006,3120421,173633.16875,0
1645772640000,0.05554,0.05560,0.05541,0.05560,4389669,1645772699999,243619.16602,743,2175764,120772.52449,0
1645772700000,0.05561,0.05563,0.05528,0.05536,4820094,1645772759999,267192.87108,781,1671122,92676.31212,0
1645772760000,0.05533,0.05537,0.05499,0.05514,9120268,1645772819999,503167.02309,1269,3367192,185858.94904,0
1645772820000,0.05515,0.05528,0.05501,0.05501,3230330,1645772879999,178079.18421,680,1676730,92448.98835,0
1645772880000,0.05504,0.05519,0.05501,0.05519,5397496,1645772939999,297350.13138,727,2079660,114615.73205,0
1645772940000,0.05518,0.05520,0.05454,0.05496,16038810,1645772999999,879685.19055,1807,4848119,266110.64636,0
1645773000000,0.05497,0.05519,0.05490,0.05496,7646381,1645773059999,420750.54612,972,4189150,230590.83254,0
1645773060000,0.05497,0.05518,0.05496,0.05499,3498365,1645773119999,192626.03471,590,1681141,92579.87965,0
1645773120000,0.05500,0.05508,0.05490,0.05507,3087534,1645773179999,169812.81569,513,1804110,99233.19528,0
1645773180000,0.05507,0.05511,0.05476,0.05492,5823940,1645773239999,319895.01104,726,2030190,111502.02979,0
1645773240000,0.05493,0.05500,0.05486,0.05491,2528205,1645773299999,138882.29114,396,1509734,82944.27726,0
1645773300000,0.05491,0.05506,0.05487,0.05487,2600761,1645773359999,142882.87453,404,1211341,66557.77910,0
1645773360000,0.05488,0.05501,0.05485,0.05493,4002857,1645773419999,219850.64016,494,1754119,96361.95635,0
1645773420000,0.05495,0.05499,0.05481,0.05483,3270619,1645773479999,179533.64322,531,1324545,72726.40026,0
1645773480000,0.05483,0.05496,0.05483,0.05493,1847153,1645773539999,101396.90006,358,1066042,58523.59730,0
1645773540000,0.05496,0.05498,0.05486,0.05489,1531316,1645773599999,84113.27708,339,705812,38777.82958,0
1645773600000,0.05489,0.05512,0.05488,0.05496,4860940,1645773659999,267401.18882,607,3426583,188519.87352,0
1645773660000,0.05495,0.05509,0.05491,0.05493,2579103,1645773719999,141836.71286,498,1395335,76750.68681,0
1645773720000,0.05494,0.05509,0.05492,0.05500,2298702,1645773779999,126443.45688,381,1237518,68081.36638,0
1645773780000,0.05500,0.05504,0.05496,0.05499,1457930,1645773839999,80185.53924,250,691664,38042.88737,0
1645773840000,0.05498,0.05499,0.05473,0.05480,7978099,1645773899999,437524.58959,825,1757327,96380.21300,0
1645773900000,0.05477,0.05484,0.05453,0.05459,7887992,1645773959999,431207.47816,1058,2726241,149073.84198,0
1645773960000,0.05459,0.05474,0.05450,0.05468,4051962,1645774019999,221371.20776,644,2465722,134752.95318,0
1645774020000,0.05466,0.05492,0.05462,0.05470,4008741,1645774079999,219525.29035,788,2014113,110329.81441,0
1645774080000,0.05469,0.05484,0.05469,0.05477,3306795,1645774139999,181133.50198,455,1422088,77874.33542,0
1645774140000,0.05475,0.05480,0.05465,0.05473,2362871,1645774199999,129307.36860,403,1043693,57134.52941,0
1645774200000,0.05474,0.05490,0.05460,0.05472,6075003,1645774259999,332592.39716,898,3501125,191729.00904,0
1645774260000,0.05472,0.05480,0.05456,0.05459,5083817,1645774319999,277997.02866,589,2052210,112284.07091,0
1645774320000,0.05458,0.05468,0.05456,0.05465,2695656,1645774379999,147225.13128,413,1136883,62103.74396,0
1645774380000,0.05466,0.05470,0.05455,0.05461,3866007,1645774439999,211191.85303,385,3065567,167488.21048,0
1645774440000,0.05460,0.05466,0.05456,0.05458,1739874,1645774499999,94971.72601,328,842002,45973.11279,0
1645774500000,0.05458,0.05481,0.05457,0.05458,4358368,1645774559999,238262.05575,578,3041536,166287.33749,0
1645774560000,0.05458,0.05487,0.05456,0.05483,2909967,1645774619999,159214.33696,463,1525871,83495.01520,0
1645774620000,0.05483,0.05496,0.05471,0.05475,4871009,1645774679999,267154.02020,678,2125511,116620.67633,0
1645774680000,0.05473,0.05482,0.05462,0.05465,3082611,1645774739999,168575.33710,456,1292670,70694.18709,0
1645774740000,0.05465,0.05473,0.05462,0.05467,1952567,1645774799999,106739.37087,323,1186791,64884.41229,0
1645774800000,0.05468,0.05488,0.05468,0.05478,4192326,1645774859999,229663.21077,597,2749722,150642.37716,0
1645774860000,0.05480,0.05492,0.05477,0.05480,2173709,1645774919999,119210.41100,387,973434,53382.44252,0
1645774920000,0.05483,0.05494,0.05475,0.05491,2292793,1645774979999,125763.94973,358,1079996,59266.96533,0
1645774980000,0.05492,0.05495,0.05484,0.05490,2826549,1645775039999,155159.40638,324,1421702,78032.83740,0
1645775040000,0.05490,0.05494,0.05483,0.05490,1897514,1645775099999,104141.89141,317,775298,42559.30398,0
1645775100000,0.05492,0.05516,0.05487,0.05506,6930372,1645775159999,381479.07500,1025,4790203,263693.89976,0
1645775160000,0.05505,0.05510,0.05490,0.05499,3541791,1645775219999,194763.03727,513,1269705,69844.35561,0
1645775220000,0.05499,0.05504,0.05491,0.05492,3690985,1645775279999,202979.90451,362,2565524,141102.59193,0
1645775280000,0.05492,0.05504,0.05484,0.05492,3365947,1645775339999,184927.93523,501,1782676,97921.07389,0
1645775340000,0.05492,0.05492,0.05470,0.05473,2336468,1645775399999,128049.51704,563,768635,42117.32672,0
1645775400000,0.05475,0.05488,0.05456,0.05463,3717149,1645775459999,203269.74864,661,1989933,108835.47659,0
1645775460000,0.05463,0.05467,0.05451,0.05459,4089340,1645775519999,223242.71054,711,2145876,117178.77478,0
1645775520000,0.05459,0.05469,0.05450,0.05468,3116272,1645775579999,170188.01224,475,1316424,71927.56541,0
1645775580000,0.05469,0.05480,0.05458,0.05458,2005188,1645775639999,109685.70008,380,1129641,61809.09555,0
1645775640000,0.05458,0.05484,0.05458,0.05463,2880519,1645775699999,157636.56524,542,1539366,84264.24888,0
1645775700000,0.05463,0.05464,0.05435,0.05440,8928938,1645775759999,486327.03554,1133,3071274,167308.57499,0
1645775760000,0.05440,0.05444,0.05430,0.05440,6241278,1645775819999,339331.51055,900,2173929,118232.16573,0
1645775820000,0.05442,0.05452,0.05437,0.05452,3705489,1645775879999,201792.66485,673,2192367,119428.69951,0
1645775880000,0.05451,0.05452,0.05436,0.05441,3096925,1645775939999,168594.49341,427,1257455,68471.38187,0
1645775940000,0.05442,0.05471,0.05442,0.05460,3867810,1645775999999,211070.09643,625,1823965,99562.95180,0
1645776000000,0.05459,0.05461,0.05440,0.05443,3461311,1645776059999,188608.99731,554,1350770,73614.32866,0
1645776060000,0.05443,0.05457,0.05435,0.05438,3391478,1645776119999,184651.15731,512,1565648,85243.15576,0
1645776120000,0.05439,0.05443,0.05416,0.05427,8448944,1645776179999,458741.76053,1337,3416143,185557.41815,0
1645776180000,0.05429,0.05443,0.05406,0.05434,11958113,1645776239999,648360.57978,1264,8140997,441323.08665,0
1645776240000,0.05435,0.05447,0.05404,0.05408,8534383,1645776299999,462697.69927,974,4428345,240231.61158,0
1645776300000,0.05412,0.05426,0.05342,0.05355,33555132,1645776359999,1805243.43269,3355,11331897,610510.81531,0
1645776360000,0.05355,0.05377,0.05345,0.05350,13050382,1645776419999,699751.84983,1359,7802868,418497.69398,0
1645776420000,0.05351,0.05372,0.05346,0.05363,7978585,1645776479999,427527.70233,1025,4538178,243244.57793,0
1645776480000,0.05363,0.05370,0.05354,0.05354,5222319,1645776539999,280115.19107,696,3428483,183931.55573,0
1645776540000,0.05354,0.05362,0.05341,0.05350,6305875,1645776599999,337551.29351,758,2672569,143079.01740,0
1645776600000,0.05352,0.05355,0.05319,0.05343,12236706,1645776659999,652964.58459,1472,3963969,211638.89549,0
1645776660000,0.05343,0.05350,0.05301,0.05315,21567063,1645776719999,1146676.70643,1781,12853210,683421.59701,0
1645776720000,0.05315,0.05322,0.05306,0.05311,5408754,1645776779999,287486.00016,689,2274224,120901.38414,0
1645776780000,0.05311,0.05319,0.05268,0.05295,23076387,1645776839999,1221679.97688,2688,6025755,319291.17365,0
1645776840000,0.05296,0.05302,0.05285,0.05291,10712823,1645776899999,567096.35116,1365,5628980,298032.24192,0
1645776900000,0.05292,0.05309,0.05285,0.05286,10028141,1645776959999,531286.07163,1205,4807722,254849.12662,0
1645776960000,0.05289,0.05310,0.05276,0.05304,9421095,1645777019999,498828.29545,1113,5018898,265803.47952,0
1645777020000,0.05303,0.05323,0.05293,0.05315,13203383,1645777079999,700665.15239,1330,10135615,537853.01981,0
1645777080000,0.05315,0.05362,0.05314,0.05349,11694482,1645777139999,623862.30426,1635,8416942,449050.35853,0
1645777140000,0.05350,0.05350,0.05326,0.05335,5556275,1645777199999,296498.84775,854,2577607,137554.01016,0
1645777200000,0.05335,0.05335,0.05320,0.05332,3952565,1645777259999,210586.85678,534,1750603,93279.65872,0
1645777260000,0.05334,0.05348,0.05323,0.05323,3750458,1645777319999,200146.10149,582,2330933,124432.55367,0
1645777320000,0.05323,0.05332,0.05315,0.05324,5181248,1645777379999,275681.64893,544,2837748,150999.44360,0
1645777380000,0.05324,0.05341,0.05319,0.05324,3422912,1645777439999,182383.08935,537,1352212,72056.59275,0
1645777440000,0.05327,0.05335,0.05324,0.05331,3364129,1645777499999,179273.99923,438,1793746,95594.21074,0
1645777500000,0.05331,0.05339,0.05311,0.05315,4316417,1645777559999,229917.41085,541,1293898,68959.89190,0
1645777560000,0.05314,0.05315,0.05301,0.05315,5133651,1645777619999,272413.49627,610,2009732,106664.56121,0
1645777620000,0.05313,0.05320,0.05279,0.05303,17030795,1645777679999,902339.12902,1280,6381472,338144.27383,0
1645777680000,0.05303,0.05325,0.05284,0.05311,12760238,1645777739999,677026.46005,1052,4539044,240715.27990,0
1645777740000,0.05311,0.05335,0.05311,0.05333,6114334,1645777799999,325543.63104,645,3167514,168685.76008,0
1645777800000,0.05334,0.05344,0.05326,0.05337,6109887,1645777859999,326018.30000,657,3040778,162276.36349,0
1645777860000,0.05336,0.05352,0.05330,0.05347,6858836,1645777919999,366505.52323,811,4395571,234926.01377,0
1645777920000,0.05347,0.05356,0.05335,0.05355,4968264,1645777979999,265560.86858,622,2866799,153246.53086,0
1645777980000,0.05353,0.05355,0.05340,0.05344,2698214,1645778039999,144250.92156,414,1385339,74067.88572,0
1645778040000,0.05343,0.05363,0.05340,0.05357,3494810,1645778099999,187006.81185,509,2028608,108571.77265,0
1645778100000,0.05358,0.05360,0.05339,0.05344,3585793,1645778159999,191794.08143,480,1894739,101360.18610,0
1645778160000,0.05344,0.05359,0.05337,0.05355,2821395,1645778219999,150832.34036,472,1476095,78919.58285,0
1645778220000,0.05354,0.05355,0.05340,0.05343,2207844,1645778279999,118064.54910,364,873588,46719.13335,0
1645778280000,0.05343,0.05358,0.05334,0.05337,3891820,1645778339999,208015.69685,601,1925272,102942.42495,0
1645778340000,0.05337,0.05345,0.05328,0.05333,2991386,1645778399999,159605.40763,461,1373420,73294.70157,0
1645778400000,0.05331,0.05354,0.05331,0.05344,3462720,1645778459999,185110.90767,491,2101111,112346.79777,0
1645778460000,0.05344,0.05348,0.05327,0.05334,2006376,1645778519999,107055.98421,380,787973,42055.41040,0
1645778520000,0.05332,0.05334,0.05318,0.05319,3280356,1645778579999,174706.08058,476,1141643,60807.89493,0
1645778580000,0.05320,0.05339,0.05319,0.05335,2777144,1645778639999,148009.28616,432,1181763,62990.05912,0
1645778640000,0.05337,0.05341,0.05327,0.05331,2516350,1645778699999,134230.23269,366,1424841,76023.31822,0
1645778700000,0.05331,0.05338,0.05308,0.05336,3786016,1645778759999,201394.40109,582,1964459,104516.66466,0
1645778760000,0.05335,0.05356,0.05334,0.05354,5698162,1645778819999,304658.47898,741,3788188,202573.20295,0
1645778820000,0.05355,0.05356,0.05337,0.05344,2298922,1645778879999,122892.45968,427,811035,43379.38901,0
1645778880000,0.05344,0.05345,0.05326,0.05327,2646357,1645778939999,141171.87577,347,622252,33192.45343,0
1645778940000,0.05328,0.05332,0.05320,0.05324,2257709,1645778999999,120239.86262,232,1529430,81459.91856,0
1645779000000,0.05324,0.05341,0.05322,0.05340,1604913,1645779059999,85548.11652,299,1202790,64128.16076,0
1645779060000,0.05340,0.05358,0.05337,0.05340,3521942,1645779119999,188343.44488,470,1853183,99130.14433,0
1645779120000,0.05340,0.05355,0.05336,0.05354,2665971,1645779179999,142564.99086,441,1583173,84686.88233,0
1645779180000,0.05351,0.05368,0.05350,0.05365,6435345,1645779239999,344906.74738,687,4274874,229173.98245,0
1645779240000,0.05365,0.05368,0.05353,0.05354,3288991,1645779299999,176294.66328,511,1073055,57544.71092,0
1645779300000,0.05354,0.05370,0.05351,0.05361,3424152,1645779359999,183588.53590,431,2275013,121993.45137,0
1645779360000,0.05362,0.05362,0.05343,0.05357,2677044,1645779419999,143254.73905,404,1387091,74241.21129,0
1645779420000,0.05357,0.05404,0.05352,0.05385,22638951,1645779479999,1218569.46020,2546,16241661,874206.33596,0
1645779480000,0.05386,0.05400,0.05373,0.05391,6822120,1645779539999,367279.81125,700,2444814,131659.98032,0
1645779540000,0.05391,0.05395,0.05365,0.05365,3673901,1645779599999,197534.25689,406,2326112,125068.63238,0
1645779600000,0.05366,0.05383,0.05348,0.05368,5338729,1645779659999,286208.84841,746,2168159,116327.56184,0
1645779660000,0.05367,0.05392,0.05366,0.05385,3412391,1645779719999,183653.32823,589,2063741,111082.89856,0
1645779720000,0.05386,0.05406,0.05378,0.05383,5872383,1645779779999,316732.64882,907,3407425,183828.45601,0
1645779780000,0.05384,0.05387,0.05374,0.05376,2123552,1645779839999,114274.84476,401,1147063,61739.48465,0
1645779840000,0.05377,0.05381,0.05369,0.05369,1491882,1645779899999,80181.43094,350,380794,20474.44532,0
1645779900000,0.05369,0.05374,0.05349,0.05353,3350280,1645779959999,179580.92333,575,1261532,67631.12576,0
1645779960000,0.05353,0.05354,0.05334,0.05346,4532068,1645780019999,242254.10511,680,1941101,103789.99931,0
1645780020000,0.05347,0.05367,0.05345,0.05348,3819179,1645780079999,204607.11533,572,2307502,123640.29593,0
1645780080000,0.05349,0.05363,0.05349,0.05351,1330807,1645780139999,71293.86179,275,826774,44294.04135,0
1645780140000,0.05351,0.05364,0.05339,0.05345,5316498,1645780199999,284401.80684,635,1726254,92306.77836,0
1645780200000,0.05345,0.05360,0.05338,0.05349,4585598,1645780259999,245299.56130,551,2472225,132291.90230,0
1645780260000,0.05348,0.05355,0.05346,0.05350,2014222,1645780319999,107770.41157,341,387894,20760.77517,0
1645780320000,0.05351,0.05353,0.05337,0.05337,3419225,1645780379999,182818.13566,348,1699465,90892.30266,0
1645780380000,0.05337,0.05339,0.05322,0.05322,4506074,1645780439999,240122.76442,572,1863148,99298.82824,0
1645780440000,0.05324,0.05338,0.05320,0.05325,7351584,1645780499999,391808.55743,773,3759309,200368.36340,0
1645780500000,0.05328,0.05349,0.05328,0.05336,4120518,1645780559999,219905.77932,564,1568835,83754.67988,0
1645780560000,0.05336,0.05348,0.05320,0.05343,4599044,1645780619999,245247.67294,553,2436339,129933.30853,0
1645780620000,0.05342,0.05350,0.05336,0.05345,2743500,1645780679999,146611.67643,340,1155638,61760.46982,0
1645780680000,0.05345,0.05347,0.05331,0.05334,1447630,1645780739999,77270.71357,237,614840,32828.22635,0
1645780740000,0.05334,0.05343,0.05332,0.05342,2110759,1645780799999,112638.32353,366,829306,44258.58148,0
1645780800000,0.05341,0.05356,0.05339,0.05355,3324922,1645780859999,177840.99450,469,1929764,103224.37895,0
1645780860000,0.05355,0.05358,0.05335,0.05340,2476055,1645780919999,132361.51082,356,1080140,57755.35962,0
1645780920000,0.05341,0.05341,0.05321,0.05323,2795096,1645780979999,149001.98335,439,1361761,72592.50563,0
1645780980000,0.05321,0.05333,0.05314,0.05319,2759968,1645781039999,146874.93902,528,1513229,80559.34628,0
1645781040000,0.05318,0.05331,0.05284,0.05286,14480729,1645781099999,768253.06165,1914,3046406,161670.58080,0
1645781100000,0.05284,0.05291,0.05260,0.05263,14361044,1645781159999,757386.50216,2040,4989378,263317.42614,0
1645781160000,0.05262,0.05277,0.05218,0.05244,20131192,1645781219999,1057191.75822,2658,7079693,372190.97189,0
1645781220000,0.05242,0.05258,0.05231,0.05236,9860702,1645781279999,517202.75139,1326,4908865,257605.89955,0
1645781280000,0.05236,0.05241,0.05220,0.05239,7233037,1645781339999,378541.89690,1117,2865421,150029.63371,0
1645781340000,0.05239,0.05252,0.05233,0.05244,11209980,1645781399999,587888.61043,1176,4054892,212681.90752,0
1645781400000,0.05244,0.05273,0.05238,0.05256,9055979,1645781459999,476263.88986,1123,6364619,334783.08945,0
1645781460000,0.05255,0.05271,0.05243,0.05269,8815787,1645781519999,463385.14295,907,5406576,284298.01908,0
1645781520000,0.05270,0.05287,0.05258,0.05272,7173065,1645781579999,378200.19336,1009,3166886,167033.07001,0
1645781580000,0.05273,0.05293,0.05268,0.05275,5867290,1645781639999,309742.79837,769,3310933,174800.09677,0
1645781640000,0.05275,0.05278,0.05252,0.05255,3639967,1645781699999,191648.53424,592,1399986,73719.62839,0
1645781700000,0.05255,0.05261,0.05248,0.05258,3965799,1645781759999,208346.70897,465,2161241,113574.37702,0
1645781760000,0.05258,0.05274,0.05255,0.05268,4971026,1645781819999,261744.10327,654,3682330,193896.16542,0
1645781820000,0.05267,0.05271,0.05253,0.05265,3767765,1645781879999,198186.23670,441,2120439,111557.95460,0
1645781880000,0.05265,0.05276,0.05260,0.05266,2396332,1645781939999,126246.89391,418,1334357,70298.53361,0
1645781940000,0.05266,0.05275,0.05261,0.05267,2242275,1645781999999,118140.97009,330,1434553,75592.03225,0
1645782000000,0.05267,0.05285,0.05256,0.05260,4709565,1645782059999,248138.03921,649,2653104,139830.75051,0
1645782060000,0.05262,0.05267,0.05242,0.05254,3079649,1645782119999,161777.40286,418,1558555,81880.37005,0
1645782120000,0.05255,0.05270,0.05245,0.05245,2888567,1645782179999,151809.61340,401,1338791,70411.48829,0
1645782180000,0.05245,0.05254,0.05240,0.05248,4830165,1645782239999,253366.58095,562,1722199,90360.13042,0
1645782240000,0.05248,0.05255,0.05243,0.05249,1998478,1645782299999,104883.65713,361,1215371,63793.91544,0
1645782300000,0.05249,0.05249,0.05230,0.05245,4353643,1645782359999,228092.02590,517,1480098,77568.41031,0
1645782360000,0.05243,0.05268,0.05242,0.05259,5336818,1645782419999,280653.23627,708,3660516,192494.10749,0
1645782420000,0.05257,0.05272,0.05249,0.05252,4260855,1645782479999,224039.31859,630,2668653,140354.49017,0
1645782480000,0.05253,0.05256,0.05226,0.05241,7339569,1645782539999,384476.82726,789,1891208,99168.53884,0
1645782540000,0.05241,0.05244,0.05233,0.05241,1865380,1645782599999,97739.83111,335,1064968,55811.74106,0
1645782600000,0.05241,0.05242,0.05225,0.05238,4334944,1645782659999,226769.06731,600,2098374,109793.02615,0
1645782660000,0.05236,0.05248,0.05227,0.05235,3804586,1645782719999,199284.56596,524,1943337,101799.55171,0
1645782720000,0.05239,0.05246,0.05227,0.05243,2376635,1645782779999,124422.37973,413,1075520,56326.77142,0
1645782780000,0.05242,0.05242,0.05202,0.05218,6893446,1645782839999,359677.85852,1019,1917122,100074.28963,0
1645782840000,0.05217,0.05223,0.05184,0.05208,18005816,1645782899999,936711.65633,1675,5673367,295215.81665,0
1645782900000,0.05209,0.05237,0.05208,0.05230,8488083,1645782959999,443388.42339,945,5750927,300465.53571,0
1645782960000,0.05231,0.05279,0.05231,0.05251,16195992,1645783019999,851137.25579,2100,10714452,563017.43840,0
1645783020000,0.05250,0.05279,0.05243,0.05275,9699902,1645783079999,510861.87116,1456,6101934,321469.87360,0
1645783080000,0.05274,0.05305,0.05259,0.05296,12301891,1645783139999,650259.60557,1724,8074323,426950.46422,0
1645783140000,0.05294,0.05345,0.05293,0.05329,26434098,1645783199999,1408633.03798,2696,13752893,732622.36416,0
1645783200000,0.05329,0.05360,0.05323,0.05340,10555779,1645783259999,563900.98673,1343,7066222,377494.38976,0
1645783260000,0.05337,0.05340,0.05300,0.05300,10058924,1645783319999,534653.81189,1183,2719327,144633.10036,0
1645783320000,0.05302,0.05315,0.05283,0.05298,9221753,1645783379999,488785.19082,948,3819460,202571.51297,0
1645783380000,0.05300,0.05337,0.05290,0.05310,13048559,1645783439999,693629.26497,1187,7658391,406948.02892,0
1645783440000,0.05308,0.05321,0.05301,0.05309,4392231,1645783499999,233145.62772,574,1815323,96388.80818,0
1645783500000,0.05308,0.05326,0.05307,0.05309,4612073,1645783559999,245181.09502,562,1380817,73403.88292,0
1645783560000,0.05309,0.05325,0.05300,0.05302,2872056,1645783619999,152630.53473,414,1349790,71761.60995,0
1645783620000,0.05300,0.05304,0.05290,0.05291,3555085,1645783679999,188269.36596,472,1462287,77453.07622,0
1645783680000,0.05294,0.05312,0.05290,0.05296,3278455,1645783739999,173785.53198,453,1996716,105853.43168,0
1645783740000,0.05296,0.05312,0.05296,0.05308,2086542,1645783799999,110737.17630,362,1497214,79462.66664,0
1645783800000,0.05310,0.05315,0.05290,0.05300,4863469,1645783859999,257747.68046,538,1958960,103873.48568,0
1645783860000,0.05302,0.05309,0.05294,0.05295,1854263,1645783919999,98284.16389,297,983227,52125.62391,0
1645783920000,0.05295,0.05322,0.05292,0.05311,2784815,1645783979999,147888.85327,510,1940456,103071.18651,0
1645783980000,0.05311,0.05339,0.05307,0.05339,4287349,1645784039999,228254.70214,677,2674724,142425.06605,0
1645784040000,0.05339,0.05340,0.05316,0.05324,3625292,1645784099999,193059.06564,508,1961637,104464.37136,0
1645784100000,0.05322,0.05322,0.05301,0.05309,3132200,1645784159999,166299.85489,412,1137408,60398.30579,0
1645784160000,0.05310,0.05330,0.05302,0.05316,4486502,1645784219999,238611.49327,550,3381269,179845.14176,0
1645784220000,0.05316,0.05320,0.05303,0.05306,1381003,1645784279999,73330.77915,360,420190,22318.10112,0
1645784280000,0.05304,0.05316,0.05300,0.05313,1806944,1645784339999,95886.43810,371,907478,48178.76211,0
1645784340000,0.05314,0.05318,0.05292,0.05313,3984118,1645784399999,211214.43041,565,1430452,75873.31920,0
1645784400000,0.05315,0.05338,0.05313,0.05315,5417766,1645784459999,288424.00510,703,2373679,126471.98332,0
1645784460000,0.05316,0.05318,0.05303,0.05311,3645966,1645784519999,193573.93075,470,2241765,119017.26021,0
1645784520000,0.05312,0.05317,0.05302,0.05306,1474585,1645784579999,78268.23001,288,1006129,53404.64246,0
1645784580000,0.05305,0.05313,0.05304,0.05311,1857687,1645784639999,98637.52431,212,1502778,79796.17152,0
1645784640000,0.05312,0.05330,0.05307,0.05326,2467617,1645784699999,131239.99234,300,1870012,99475.94097,0
1645784700000,0.05326,0.05327,0.05305,0.05320,3866870,1645784759999,205620.31445,420,1910629,101613.38324,0
1645784760000,0.05321,0.05329,0.05313,0.05327,1223280,1645784819999,65076.26346,223,696817,37081.82257,0
1645784820000,0.05327,0.05340,0.05325,0.05335,4277275,1645784879999,228096.95996,496,3126804,166762.89278,0
1645784880000,0.05336,0.05339,0.05328,0.05338,3596243,1645784939999,191794.34827,337,1951683,104089.90481,0
1645784940000,0.05335,0.05353,0.05335,0.05345,6382416,1645784999999,341212.71528,729,3938780,210622.13734,0
1645785000000,0.05341,0.05352,0.05339,0.05345,3814180,1645785059999,203834.70189,474,1712244,91535.73618,0
1645785060000,0.05344,0.05360,0.05344,0.05358,3765298,1645785119999,201431.81531,551,2168115,116025.83029,0
1645785120000,0.05359,0.05370,0.05337,0.05343,4896631,1645785179999,262260.61328,795,3091951,165664.24457,0
1645785180000,0.05344,0.05354,0.05333,0.05334,2563868,1645785239999,136899.87746,451,834503,44593.56533,0
1645785240000,0.05336,0.05336,0.05325,0.05331,2604959,1645785299999,138875.54071,381,1003592,53505.75518,0
1645785300000,0.05330,0.05330,0.05306,0.05313,3989203,1645785359999,212079.58187,533,1703298,90569.72675,0
1645785360000,0.05311,0.05315,0.05300,0.05305,3172310,1645785419999,168352.71375,442,1149699,61033.35655,0
1645785420000,0.05307,0.05310,0.05296,0.05304,3048159,1645785479999,161628.90718,376,1178606,62519.06495,0
1645785480000,0.05306,0.05314,0.05299,0.05301,2955724,1645785539999,156858.02831,404,1712257,90898.89282,0
1645785540000,0.05304,0.05318,0.05300,0.05314,1514279,1645785599999,80407.19915,245,1139854,60531.22545,0
1645785600000,0.05314,0.05315,0.05299,0.05299,1698923,1645785659999,90155.87769,282,460010,24415.25009,0
1645785660000,0.05300,0.05300,0.05280,0.05289,5898030,1645785719999,311964.27646,737,1994056,105493.44236,0
1645785720000,0.05291,0.05291,0.05277,0.05286,5613584,1645785779999,296603.84266,606,2884046,152403.23761,0
1645785780000,0.05286,0.05296,0.05286,0.05292,1913050,1645785839999,101230.88405,262,1156529,61203.18551,0
1645785840000,0.05292,0.05297,0.05281,0.05293,2227060,1645785899999,117814.99382,289,1305076,69056.79189,0
1645785900000,0.05293,0.05294,0.05268,0.05289,4942236,1645785959999,260934.33347,657,2484962,131184.30587,0
1645785960000,0.05288,0.05290,0.05279,0.05286,2608159,1645786019999,137820.25668,401,875726,46287.34683,0
1645786020000,0.05284,0.05291,0.05281,0.05287,2335574,1645786079999,123443.47649,431,1120078,59210.65565,0
1645786080000,0.05290,0.05295,0.05284,0.05288,2277461,1645786139999,120486.96942,314,1418625,75062.01187,0
1645786140000,0.05290,0.05316,0.05288,0.05316,5354512,1645786199999,284123.95921,631,3876628,205722.49654,0
1645786200000,0.05316,0.05316,0.05295,0.05313,3154510,1645786259999,167331.80419,442,1355516,71958.38424,0
1645786260000,0.05313,0.05317,0.05300,0.05302,2218599,1645786319999,117798.87634,276,758356,40288.78337,0
1645786320000,0.05302,0.05318,0.05302,0.05317,1013507,1645786379999,53824.28128,200,486361,25829.29168,0
1645786380000,0.05318,0.05325,0.05309,0.05314,2597363,1645786439999,138197.24026,357,1374947,73153.96663,0
1645786440000,0.05314,0.05316,0.05308,0.05309,1650159,1645786499999,87658.99263,260,728671,38716.75204,0
1645786500000,0.05310,0.05311,0.05285,0.05285,3699850,1645786559999,195871.39425,543,1556219,82386.74990,0
1645786560000,0.05286,0.05297,0.05283,0.05286,2829678,1645786619999,149622.73555,395,1173133,62057.25118,0
1645786620000,0.05285,0.05311,0.05285,0.05307,1929356,1645786679999,102280.60574,299,1473202,78095.77802,0
1645786680000,0.05309,0.05313,0.05296,0.05297,2387555,1645786739999,126685.52322,335,1031375,54751.39040,0
1645786740000,0.05297,0.05313,0.05292,0.05313,2624638,1645786799999,139029.20589,261,2276052,120549.35770,0
1645786800000,0.05313,0.05313,0.05298,0.05304,1304088,1645786859999,69204.99243,230,210107,11152.16354,0
1645786860000,0.05304,0.05309,0.05294,0.05294,1714821,1645786919999,90906.47418,305,637656,33815.68868,0
1645786920000,0.05295,0.05302,0.05275,0.05280,3802764,1645786979999,201095.47016,545,1223314,64683.05686,0
1645786980000,0.05281,0.05284,0.05264,0.05267,5080095,1645787039999,267865.58005,636,2484786,131068.64559,0
1645787040000,0.05267,0.05282,0.05265,0.05273,3091454,1645787099999,163054.50936,429,1505039,79393.57538,0
1645787100000,0.05271,0.05272,0.05246,0.05255,8059522,1645787159999,423642.16603,1059,2367377,124476.13494,0
1645787160000,0.05254,0.05264,0.05241,0.05260,5947187,1645787219999,312425.48288,780,3153171,165718.10614,0
1645787220000,0.05260,0.05276,0.05251,0.05273,5072873,1645787279999,267067.14574,634,4071461,214408.31439,0
1645787280000,0.05273,0.05283,0.05262,0.05272,3673403,1645787339999,193683.16311,429,2233414,117778.24490,0
1645787340000,0.05273,0.05273,0.05262,0.05263,1747881,1645787399999,92060.35139,273,690130,36349.41548,0
1645787400000,0.05264,0.05275,0.05256,0.05271,3315351,1645787459999,174615.76953,426,1208914,63678.93383,0
1645787460000,0.05271,0.05280,0.05266,0.05273,2463291,1645787519999,129899.77948,323,1159711,61169.51972,0
1645787520000,0.05271,0.05294,0.05270,0.05286,3108266,1645787579999,164269.77800,426,1973142,104294.68880,0
1645787580000,0.05284,0.05294,0.05276,0.05280,3265191,1645787639999,172542.84353,447,1439128,76078.50565,0
1645787640000,0.05282,0.05294,0.05279,0.05290,1543724,1645787699999,81630.85052,243,971112,51349.15717,0
1645787700000,0.05289,0.05289,0.05275,0.05283,1723679,1645787759999,91029.53643,230,644618,34042.33896,0
1645787760000,0.05284,0.05298,0.05274,0.05277,3496518,1645787819999,184900.79490,452,1761758,93168.97260,0
1645787820000,0.05276,0.05278,0.05258,0.05263,4221396,1645787879999,222324.07151,595,1631795,85978.72314,0
1645787880000,0.05263,0.05279,0.05261,0.05279,1957576,1645787939999,103138.91384,354,1287983,67866.99851,0
1645787940000,0.05278,0.05283,0.05271,0.05277,1379093,1645787999999,72768.24433,223,398140,21008.81595,0
1645788000000,0.05277,0.05286,0.05272,0.05278,1990937,1645788059999,105129.48558,322,1142519,60341.00342,0
1645788060000,0.05276,0.05286,0.05275,0.05284,1148926,1645788119999,60697.02260,166,544902,28792.03563,0
1645788120000,0.05284,0.05293,0.05272,0.05283,2074215,1645788179999,109566.79951,319,1221553,64529.01400,0
1645788180000,0.05281,0.05292,0.05273,0.05277,3608499,1645788239999,190666.25899,378,2058084,108787.92585,0
1645788240000,0.05276,0.05315,0.05274,0.05305,5430325,1645788299999,287858.81618,653,3849411,204060.98671,0
1645788300000,0.05304,0.05331,0.05298,0.05313,6585218,1645788359999,349988.23668,849,4038371,214701.61867,0
1645788360000,0.05313,0.05316,0.05302,0.05304,2679219,1645788419999,142240.74479,445,1186084,62992.42472,0
1645788420000,0.05303,0.05315,0.05293,0.05299,3151825,1645788479999,167091.80944,476,864370,45858.28797,0
1645788480000,0.05301,0.05314,0.05294,0.05306,3999323,1645788539999,212190.65016,398,2255310,119680.73314,0
1645788540000,0.05306,0.05320,0.05306,0.05318,4615337,1645788599999,245301.93593,479,3635572,193235.68168,0
1645788600000,0.05320,0.05323,0.05307,0.05313,3233986,1645788659999,171877.15639,418,1027991,54664.13084,0
1645788660000,0.05310,0.05323,0.05301,0.05321,3727075,1645788719999,197993.78729,383,1865403,99095.40010,0
1645788720000,0.05321,0.05353,0.05318,0.05348,8032653,1645788779999,428914.33082,1019,5555385,296673.94050,0
1645788780000,0.05348,0.05368,0.05338,0.05350,9089727,1645788839999,486648.63499,1204,6094496,326411.36369,0
1645788840000,0.05352,0.05387,0.05351,0.05363,10501346,1645788899999,564100.03323,1495,6706506,360341.56054,0
1645788900000,0.05366,0.05371,0.05351,0.05356,4561773,1645788959999,244498.50147,617,1790060,95991.75392,0
1645788960000,0.05355,0.05364,0.05343,0.05343,4528821,1645789019999,242402.39854,676,2133342,114234.81057,0
1645789020000,0.05344,0.05354,0.05342,0.05343,3628045,1645789079999,193977.03955,410,2599063,138967.36036,0
1645789080000,0.05344,0.05364,0.05340,0.05354,6109836,1645789139999,327051.01856,569,4562651,244268.22879,0
1645789140000,0.05354,0.05390,0.05352,0.05380,7068215,1645789199999,379879.36316,1009,4335933,233021.96492,0
1645789200000,0.05380,0.05382,0.05340,0.05353,8248276,1645789259999,441908.37542,1039,3676371,197029.21790,0
1645789260000,0.05353,0.05357,0.05326,0.05331,4339396,1645789319999,231791.43203,613,1655811,88486.22518,0
1645789320000,0.05332,0.05355,0.05320,0.05344,7276154,1645789379999,388490.34605,890,3787830,202297.58414,0
1645789380000,0.05344,0.05362,0.05335,0.05337,4455860,1645789439999,238271.03975,484,2925973,156458.84272,0
1645789440000,0.05338,0.05350,0.05338,0.05341,2070416,1645789499999,110618.17300,271,1165280,62254.74265,0
1645789500000,0.05342,0.05350,0.05337,0.05350,2094227,1645789559999,111931.62052,324,1029890,55061.02941,0
1645789560000,0.05350,0.05365,0.05337,0.05350,4693652,1645789619999,251075.03851,520,2598218,139046.40077,0
1645789620000,0.05349,0.05362,0.05331,0.05336,6281064,1645789679999,335719.76625,812,3011998,161055.69233,0
1645789680000,0.05337,0.05359,0.05326,0.05356,5100534,1645789739999,272710.33709,607,2191822,117127.75307,0
1645789740000,0.05356,0.05359,0.05346,0.05357,2656824,1645789799999,142177.84127,383,1801375,96407.02007,0
1645789800000,0.05358,0.05365,0.05352,0.05356,3628758,1645789859999,194499.22979,602,1750513,93846.43756,0
1645789860000,0.05358,0.05385,0.05352,0.05381,5406756,1645789919999,290213.21554,750,3652086,196057.87396,0
1645789920000,0.05384,0.05569,0.05381,0.05510,69846137,1645789979999,3838756.39528,10165,44448736,2441019.81013,0
1645789980000,0.05509,0.05524,0.05475,0.05491,15877096,1645790039999,872896.99040,2299,8263464,454506.82931,0
1645790040000,0.05494,0.05501,0.05464,0.05465,11196821,1645790099999,613898.19242,1799,3193534,175206.11781,0
1645790100000,0.05464,0.05468,0.05445,0.05458,9356632,1645790159999,510335.23028,1239,4968707,271027.52922,0
1645790160000,0.05456,0.05460,0.05436,0.05440,5232504,1645790219999,285026.48270,798,2378913,129652.51308,0
1645790220000,0.05441,0.05488,0.05439,0.05482,8188158,1645790279999,447163.89098,1169,5771280,315310.09248,0
1645790280000,0.05482,0.05484,0.05463,0.05466,6689347,1645790339999,366258.55556,1044,3480257,190607.34073,0
1645790340000,0.05465,0.05467,0.05425,0.05442,12690107,1645790399999,690604.68854,1282,6001177,326546.23127,0
1645790400000,0.05443,0.05474,0.05437,0.05467,7932850,1645790459999,432642.07500,1221,4294756,234334.40448,0
1645790460000,0.05465,0.05470,0.05449,0.05458,6442493,1645790519999,351636.38311,947,2572507,140436.90469,0
1645790520000,0.05462,0.05462,0.05425,0.05439,13204943,1645790579999,718359.08907,1556,5339679,290526.64799,0
1645790580000,0.05439,0.05489,0.05438,0.05476,11338242,1645790639999,619580.76243,1746,7910886,432280.53568,0
1645790640000,0.05476,0.05510,0.05468,0.05500,9100883,1645790699999,500046.86987,1473,5367369,295006.59442,0
1645790700000,0.05501,0.05503,0.05451,0.05469,11005242,1645790759999,602758.52718,1318,4367430,239045.33632,0
1645790760000,0.05467,0.05469,0.05450,0.05468,6768143,1645790819999,369308.16316,812,4513060,246273.81469,0
1645790820000,0.05464,0.05476,0.05460,0.05474,6854132,1645790879999,374789.06766,854,3638212,198993.02254,0
1645790880000,0.05474,0.05482,0.05464,0.05476,5755406,1645790939999,315060.51199,676,3229067,176797.25586,0
1645790940000,0.05476,0.05500,0.05471,0.05495,9116395,1645790999999,500076.00880,1254,5107784,280275.68371,0
1645791000000,0.05495,0.05499,0.05483,0.05498,8403044,1645791059999,461454.83428,1237,3939509,216392.94403,0
1645791060000,0.05499,0.05558,0.05495,0.05554,17004817,1645791119999,939470.21652,2335,11004410,607953.82545,0
1645791120000,0.05554,0.05555,0.05497,0.05501,11393446,1645791179999,629511.18828,1693,3860148,213432.01347,0
1645791180000,0.05502,0.05510,0.05490,0.05493,9032234,1645791239999,496834.91722,868,3247707,178696.64817,0
1645791240000,0.05492,0.05521,0.05491,0.05514,6898957,1645791299999,379766.51741,946,4592704,252873.39153,0
1645791300000,0.05511,0.05544,0.05503,0.05523,8544205,1645791359999,471915.95733,1132,4900929,270753.76049,0
1645791360000,0.05523,0.05525,0.05489,0.05499,8997910,1645791419999,494849.90478,1209,3774557,207564.93710,0
1645791420000,0.05498,0.05500,0.05488,0.05491,4670793,1645791479999,256566.33785,846,2341943,128671.81713,0
1645791480000,0.05493,0.05497,0.05475,0.05489,5142333,1645791539999,282227.70617,871,2369193,130057.38989,0
1645791540000,0.05489,0.05490,0.05466,0.05477,6312469,1645791599999,345712.39213,919,2212820,121217.45874,0
1645791600000,0.05475,0.05484,0.05465,0.05478,4921901,1645791659999,269439.87142,711,2142398,117314.49180,0
1645791660000,0.05482,0.05483,0.05466,0.05472,4270283,1645791719999,233677.96571,657,1717330,93999.68028,0
1645791720000,0.05471,0.05473,0.05445,0.05458,6787043,1645791779999,370284.51331,922,2897098,158055.26403,0
1645791780000,0.05458,0.05469,0.05454,0.05468,3957623,1645791839999,216174.49528,529,2561657,139958.41436,0
1645791840000,0.05469,0.05469,0.05452,0.05458,2388989,1645791899999,130448.39910,346,1409828,76984.86924,0
1645791900000,0.05458,0.05462,0.05446,0.05450,2824223,1645791959999,154026.03640,477,1354381,73882.59937,0
1645791960000,0.05447,0.05466,0.05446,0.05461,4004466,1645792019999,218518.12639,608,2556186,139515.34284,0
1645792020000,0.05461,0.05467,0.05450,0.05466,3827551,1645792079999,208935.05616,540,2423682,132318.91217,0
1645792080000,0.05466,0.05474,0.05440,0.05441,7068849,1645792139999,385848.13868,778,3503754,191397.11900,0
1645792140000,0.05442,0.05457,0.05440,0.05445,6614903,1645792199999,360323.60614,612,3890357,211929.30949,0
1645792200000,0.05443,0.05449,0.05430,0.05434,3789805,1645792259999,206126.24861,532,2197125,119518.81928,0
1645792260000,0.05435,0.05480,0.05435,0.05479,8305057,1645792319999,453569.70148,977,5662415,309324.38012,0
1645792320000,0.05480,0.05486,0.05467,0.05473,3946760,1645792379999,216134.27248,568,2423431,132752.10426,0
1645792380000,0.05473,0.05482,0.05470,0.05475,2875941,1645792439999,157458.86212,369,2105408,115283.51803,0
1645792440000,0.05476,0.05489,0.05472,0.05480,3553887,1645792499999,194730.56580,533,1800044,98659.05367,0
1645792500000,0.05481,0.05486,0.05467,0.05469,3046022,1645792559999,166817.71614,526,1255815,68809.35246,0
1645792560000,0.05469,0.05477,0.05441,0.05450,14930248,1645792619999,815370.81158,953,2109741,115100.36343,0
1645792620000,0.05448,0.05459,0.05442,0.05453,2712557,1645792679999,147862.72770,409,1549707,84506.59422,0
1645792680000,0.05455,0.05460,0.05451,0.05459,2598178,1645792739999,141753.86660,341,1600742,87335.75103,0
1645792740000,0.05459,0.05492,0.05459,0.05484,5321717,1645792799999,291651.81269,731,4137072,226725.46110,0
1645792800000,0.05484,0.05498,0.05480,0.05482,4303776,1645792859999,236243.51949,636,2402523,131917.52780,0
1645792860000,0.05482,0.05493,0.05476,0.05485,2548949,1645792919999,139794.44752,358,1108902,60831.24704,0
1645792920000,0.05485,0.05505,0.05484,0.05503,5432329,1645792979999,298579.36783,676,3602209,198015.98602,0
1645792980000,0.05503,0.05503,0.05488,0.05493,3793739,1645793039999,208511.29475,585,2295514,126185.51951,0
1645793040000,0.05496,0.05514,0.05496,0.05504,3680371,1645793099999,202636.54239,582,1895442,104376.23009,0
1645793100000,0.05505,0.05505,0.05483,0.05488,3590676,1645793159999,197152.84976,499,1175663,64550.53056,0
1645793160000,0.05487,0.05492,0.05470,0.05479,3087690,1645793219999,169212.05785,454,634078,34763.83291,0
1645793220000,0.05479,0.05486,0.05470,0.05476,2717125,1645793279999,148846.03474,386,1429189,78307.18314,0
1645793280000,0.05476,0.05479,0.05452,0.05463,5252127,1645793339999,287100.16338,728,2760842,150975.88074,0
1645793340000,0.05463,0.05466,0.05456,0.05463,1906413,1645793399999,104112.93414,263,1117155,61020.73408,0
1645793400000,0.05463,0.05531,0.05455,0.05527,9313627,1645793459999,512015.06018,1397,7003109,384889.38760,0
1645793460000,0.05528,0.05550,0.05502,0.05514,15691896,1645793519999,867940.17578,2045,8475618,469157.65242,0
1645793520000,0.05513,0.05539,0.05502,0.05528,6931301,1645793579999,382604.41538,1019,3437613,189739.41431,0
1645793580000,0.05527,0.05559,0.05516,0.05545,9450216,1645793639999,523535.48442,1276,5814448,322213.48617,0
1645793640000,0.05544,0.05599,0.05528,0.05599,22571591,1645793699999,1254747.16905,2863,11989998,667474.02387,0
1645793700000,0.05599,0.05636,0.05571,0.05607,25131106,1645793759999,1408572.20727,3823,14654202,821562.02382,0
1645793760000,0.05604,0.05628,0.05601,0.05605,12669282,1645793819999,711454.22536,1839,6356580,357085.66646,0
1645793820000,0.05606,0.05629,0.05589,0.05591,13737592,1645793879999,770239.56292,1768,4612940,258867.63001,0
1645793880000,0.05590,0.05599,0.05570,0.05591,9254857,1645793939999,516786.11384,1576,3610295,201703.06176,0
1645793940000,0.05592,0.05618,0.05587,0.05606,6909498,1645793999999,387078.08764,1027,4248811,238064.68787,0
1645794000000,0.05606,0.05641,0.05606,0.05625,16613505,1645794059999,933841.84462,1999,10021979,563600.69272,0
1645794060000,0.05623,0.05626,0.05583,0.05594,9646821,1645794119999,540154.48214,1343,4470533,250356.38954,0
1645794120000,0.05595,0.05604,0.05575,0.05590,12224542,1645794179999,682939.82816,1526,6407934,358103.22016,0
1645794180000,0.05592,0.05597,0.05577,0.05584,4812355,1645794239999,268862.53922,706,2449897,136904.88772,0
1645794240000,0.05582,0.05599,0.05575,0.05587,5821314,1645794299999,325246.43874,790,3790526,211829.63685,0
1645794300000,0.05588,0.05639,0.05588,0.05620,9599902,1645794359999,539063.97588,1386,6108514,343024.40789,0
1645794360000,0.05619,0.05650,0.05617,0.05641,11551066,1645794419999,650415.66800,1382,8155930,459347.30804,0
1645794420000,0.05649,0.05658,0.05622,0.05644,10345878,1645794479999,583679.83486,1463,5665516,319758.78023,0
1645794480000,0.05644,0.05650,0.05630,0.05635,7409213,1645794539999,417912.65848,1029,3870862,218378.83111,0
1645794540000,0.05636,0.05647,0.05628,0.05638,6079039,1645794599999,342558.45063,895,2603853,146793.62880,0
1645794600000,0.05638,0.05643,0.05619,0.05640,7709214,1645794659999,433909.28503,844,2787110,156951.94655,0
1645794660000,0.05640,0.05645,0.05619,0.05637,4174023,1645794719999,235025.48359,621,1804106,101549.27088,0
1645794720000,0.05639,0.05649,0.05616,0.05621,5714593,1645794779999,321971.16769,896,3066183,172839.23276,0
1645794780000,0.05621,0.05633,0.05615,0.05625,4029402,1645794839999,226625.13845,581,2393520,134641.37183,0
1645794840000,0.05626,0.05646,0.05622,0.05633,4804685,1645794899999,270737.62643,693,3012206,169756.75078,0
1645794900000,0.05633,0.05637,0.05615,0.05619,4170078,1645794959999,234547.40198,729,1784556,100399.74273,0
1645794960000,0.05619,0.05626,0.05609,0.05613,6754550,1645795019999,379328.89972,797,2637919,148189.89424,0
1645795020000,0.05613,0.05614,0.05593,0.05610,6323468,1645795079999,354385.35090,951,2942410,164954.05136,0
1645795080000,0.05609,0.05612,0.05596,0.05599,4777545,1645795139999,267770.84195,610,2924489,163942.26074,0
1645795140000,0.05600,0.05636,0.05592,0.05631,6065054,1645795199999,340087.26922,900,4417752,247784.40378,0
1645795200000,0.05626,0.05810,0.05615,0.05729,52240894,1645795259999,2990833.20170,6488,35275089,2018364.29126,0
1645795260000,0.05732,0.05807,0.05715,0.05759,30464672,1645795319999,1753948.99427,4441,16211044,934174.93350,0
1645795320000,0.05759,0.05819,0.05743,0.05787,23367684,1645795379999,1351460.86601,3492,13517086,782108.45860,0
1645795380000,0.05786,0.05791,0.05762,0.05788,13340135,1645795439999,770607.19585,2163,6804427,393255.88414,0
1645795440000,0.05790,0.05794,0.05767,0.05772,12330255,1645795499999,712657.56786,1970,6442271,372480.61868,0
1645795500000,0.05772,0.05776,0.05756,0.05762,10511707,1645795559999,605957.45057,1622,5089899,293469.86636,0
1645795560000,0.05759,0.05779,0.05758,0.05760,8667656,1645795619999,499763.22798,1451,4805805,277155.70895,0
1645795620000,0.05760,0.05761,0.05744,0.05752,6693915,1645795679999,385220.58663,1173,2822438,162473.97063,0
1645795680000,0.05752,0.05769,0.05742,0.05769,9452946,1645795739999,543668.30478,1402,6352543,365410.03167,0
1645795740000,0.05769,0.05773,0.05744,0.05760,8331216,1645795799999,479720.47363,1120,2816678,162168.49920,0
1645795800000,0.05758,0.05759,0.05732,0.05745,6992783,1645795859999,401461.66098,1085,3276131,188146.71221,0
1645795860000,0.05745,0.05771,0.05714,0.05762,18529745,1645795919999,1064118.96426,2594,9676218,556202.81663,0
1645795920000,0.05760,0.05769,0.05745,0.05757,9736373,1645795979999,560537.01508,1374,5612394,323167.03117,0
1645795980000,0.05756,0.05800,0.05746,0.05768,13821790,1645796039999,798022.47843,2073,8018241,462931.69274,0
1645796040000,0.05769,0.05800,0.05762,0.05788,12253865,1645796099999,709004.08221,1810,6525611,377547.32535,0
1645796100000,0.05787,0.05788,0.05774,0.05783,7086097,1645796159999,409562.78463,981,2962935,171322.82810,0
1645796160000,0.05781,0.05786,0.05765,0.05765,9091187,1645796219999,525105.71410,1121,4446251,256929.68809,0
1645796220000,0.05767,0.05772,0.05741,0.05750,7216413,1645796279999,415384.92855,1247,2914982,167847.64908,0
1645796280000,0.05750,0.05752,0.05727,0.05749,8782849,1645796339999,504255.79398,1202,3979928,228595.00695,0
1645796340000,0.05749,0.05761,0.05740,0.05742,4791556,1645796399999,275560.18013,845,2311197,132927.38891,0
1645796400000,0.05743,0.05769,0.05742,0.05759,6131488,1645796459999,352938.23738,1056,4515355,259932.40501,0
1645796460000,0.05760,0.05760,0.05736,0.05751,4746269,1645796519999,272767.76311,749,1741571,100123.90357,0
1645796520000,0.05748,0.05752,0.05727,0.05735,4718540,1645796579999,270744.96204,719,2273020,130421.86450,0
1645796580000,0.05737,0.05761,0.05721,0.05736,8211676,1645796639999,471304.28675,955,4366332,250825.77489,0
1645796640000,0.05735,0.05743,0.05721,0.05742,6143041,1645796699999,352101.38234,788,2367882,135786.24076,0
1645796700000,0.05742,0.05744,0.05711,0.05717,5807045,1645796759999,332656.61678,795,2641719,151399.12728,0
1645796760000,0.05716,0.05724,0.05690,0.05703,11747558,1645796819999,670230.93442,1599,4693834,267864.59088,0
1645796820000,0.05703,0.05717,0.05697,0.05707,4586421,1645796879999,261784.28616,821,2454405,140128.02877,0
1645796880000,0.05708,0.05715,0.05696,0.05708,6282875,1645796939999,358459.79483,890,2514481,143506.59411,0
1645796940000,0.05709,0.05713,0.05699,0.05709,3981491,1645796999999,227201.24449,538,2208982,126065.57166,0
1645797000000,0.05708,0.05720,0.05703,0.05712,5199907,1645797059999,297018.71320,652,2849628,162811.04297,0
1645797060000,0.05712,0.05717,0.05701,0.05703,4005303,1645797119999,228608.44411,524,2241479,127958.55672,0
1645797120000,0.05704,0.05706,0.05693,0.05699,3245029,1645797179999,184920.01818,468,1052270,59971.72356,0
1645797180000,0.05699,0.05699,0.05674,0.05685,14623999,1645797239999,831456.61169,1416,7693869,437488.59297,0
1645797240000,0.05684,0.05685,0.05640,0.05651,12145917,1645797299999,687522.39144,1640,3669231,207701.86053,0
1645797300000,0.05649,0.05679,0.05638,0.05662,10536210,1645797359999,596380.36379,1338,6227944,352554.53323,0
1645797360000,0.05662,0.05682,0.05655,0.05674,6661969,1645797419999,378016.98072,849,4397950,249569.46006,0
1645797420000,0.05675,0.05690,0.05674,0.05690,3148880,1645797479999,178952.86744,570,2124573,120756.27714,0
1645797480000,0.05689,0.05690,0.05660,0.05665,6790415,1645797539999,385161.91493,827,1933410,109644.00313,0
1645797540000,0.05665,0.05678,0.05651,0.05673,4484993,1645797599999,253985.28824,638,2989940,169345.63990,0
1645797600000,0.05672,0.05682,0.05626,0.05635,11538206,1645797659999,652356.19198,1387,5019058,284021.25104,0
1645797660000,0.05635,0.05641,0.05610,0.05628,19116176,1645797719999,1075094.19990,2001,8342591,469456.20517,0
1645797720000,0.05629,0.05653,0.05622,0.05648,9727535,1645797779999,548156.47676,1190,5075772,285988.32911,0
1645797780000,0.05648,0.05675,0.05647,0.05655,8644512,1645797839999,489684.18479,1100,4132307,234087.35859,0
1645797840000,0.05656,0.05671,0.05655,0.05663,4816550,1645797899999,272723.20781,635,2600003,147233.16159,0
1645797900000,0.05660,0.05684,0.05655,0.05677,6059151,1645797959999,343484.87700,750,3544065,200971.95982,0
1645797960000,0.05675,0.05677,0.05640,0.05662,13179119,1645798019999,745793.22801,1257,3664404,207427.40226,0
1645798020000,0.05664,0.05665,0.05643,0.05652,6530284,1645798079999,369236.09155,881,2968491,167893.56237,0
1645798080000,0.05653,0.05668,0.05648,0.05663,5743893,1645798139999,325032.96401,679,3716351,210312.23449,0
1645798140000,0.05662,0.05672,0.05657,0.05672,3931295,1645798199999,222632.12690,686,2602603,147386.97373,0
1645798200000,0.05669,0.05695,0.05666,0.05676,5621507,1645798259999,319422.11982,969,3322468,188800.98911,0
1645798260000,0.05675,0.05700,0.05675,0.05700,4604363,1645798319999,261964.93543,643,3410050,194042.27974,0
1645798320000,0.05700,0.05719,0.05682,0.05688,9246442,1645798379999,527075.49847,1285,5674661,323574.92232,0
1645798380000,0.05684,0.05705,0.05683,0.05697,4351746,1645798439999,247765.42439,558,1722458,98071.30093,0
1645798440000,0.05696,0.05702,0.05691,0.05694,3990707,1645798499999,227353.83070,580,2336313,133122.18307,0
1645798500000,0.05693,0.05702,0.05685,0.05690,3911660,1645798559999,222770.54689,518,2255840,128487.24525,0
1645798560000,0.05692,0.05693,0.05651,0.05651,8646280,1645798619999,490640.05833,1070,1736954,98622.48799,0
1645798620000,0.05651,0.05663,0.05639,0.05655,10372093,1645798679999,586257.27685,1309,5123841,289715.32364,0
1645798680000,0.05656,0.05677,0.05652,0.05671,5356225,1645798739999,303376.73500,692,3313834,187688.35383,0
1645798740000,0.05671,0.05689,0.05650,0.05656,4874047,1645798799999,276312.85392,699,2152951,122108.65094,0
1645798800000,0.05655,0.05679,0.05650,0.05679,5641941,1645798859999,319492.57240,816,3272569,185409.28332,0
1645798860000,0.05678,0.05683,0.05665,0.05674,3728921,1645798919999,211611.54614,573,1736428,98527.31761,0
1645798920000,0.05673,0.05686,0.05664,0.05676,3956732,1645798979999,224600.52747,579,2062314,117081.73344,0
1645798980000,0.05675,0.05679,0.05666,0.05673,1904486,1645799039999,108068.30361,327,638537,36236.09835,0
1645799040000,0.05672,0.05693,0.05667,0.05689,3651571,1645799099999,207516.32817,586,2518563,143148.55201,0
1645799100000,0.05688,0.05688,0.05667,0.05677,4465285,1645799159999,253423.11460,530,1932392,109693.94196,0
1645799160000,0.05675,0.05699,0.05675,0.05693,3814657,1645799219999,216982.31678,531,2500061,142239.61632,0
1645799220000,0.05692,0.05718,0.05686,0.05689,9658375,1645799279999,550670.27686,1177,5908436,336903.78397,0
1645799280000,0.05691,0.05704,0.05690,0.05693,3632120,1645799339999,206963.72762,408,1954344,111365.52045,0
1645799340000,0.05694,0.05714,0.05694,0.05705,4715519,1645799399999,268989.65504,640,3562411,203230.39176,0
1645799400000,0.05702,0.05702,0.05665,0.05665,6411332,1645799459999,364315.11292,1045,2217784,126059.98982,0
1645799460000,0.05666,0.05687,0.05651,0.05686,10299325,1645799519999,583465.01270,1276,5766236,326776.68924,0
1645799520000,0.05686,0.05701,0.05680,0.05691,6334447,1645799579999,360455.01477,942,3323771,189163.73759,0
1645799580000,0.05691,0.05750,0.05690,0.05738,17057748,1645799639999,977208.95834,2253,10399964,595745.64515,0
1645799640000,0.05740,0.05791,0.05734,0.05749,19847947,1645799699999,1144965.88877,2829,10701869,617541.50403,0
1645799700000,0.05749,0.05796,0.05745,0.05775,13014689,1645799759999,751334.29081,1683,7102809,410073.85452,0
1645799760000,0.05776,0.05778,0.05743,0.05746,9803194,1645799819999,564618.94581,1249,3763994,216876.51727,0
1645799820000,0.05746,0.05758,0.05725,0.05726,8362068,1645799879999,480287.16070,1226,3633075,208779.97550,0
1645799880000,0.05729,0.05747,0.05714,0.05738,12000342,1645799939999,687612.96083,1586,5832971,334275.64885,0
1645799940000,0.05739,0.05748,0.05720,0.05728,5374584,1645799999999,308252.98831,852,2945668,168996.04887,0
1645800000000,0.05727,0.05739,0.05720,0.05733,5981661,1645800059999,342645.55708,718,1812532,103846.75082,0
1645800060000,0.05727,0.05750,0.05725,0.05746,4901162,1645800119999,281257.87670,619,2851326,163660.56173,0
1645800120000,0.05744,0.05748,0.05710,0.05718,6838129,1645800179999,391732.36883,966,2846260,163114.22559,0
1645800180000,0.05718,0.05724,0.05700,0.05708,7055833,1645800239999,402993.09122,1009,3091252,176642.28107,0
1645800240000,0.05707,0.05709,0.05681,0.05695,8368183,1645800299999,476271.18058,1206,3357871,191183.96982,0
1645800300000,0.05697,0.05719,0.05679,0.05686,7291891,1645800359999,415678.11120,940,3660911,208782.37152,0
1645800360000,0.05687,0.05708,0.05682,0.05706,8272906,1645800419999,471057.40376,1064,4289663,244330.88321,0
1645800420000,0.05705,0.05724,0.05695,0.05708,5751607,1645800479999,328522.02743,973,3532084,201739.56530,0
1645800480000,0.05709,0.05724,0.05698,0.05704,4525444,1645800539999,258410.22061,638,2697735,154074.28390,0
1645800540000,0.05703,0.05724,0.05702,0.05707,3826731,1645800599999,218697.72169,627,2073847,118537.71631,0
1645800600000,0.05706,0.05718,0.05684,0.05687,5737369,1645800659999,327166.06079,930,1989444,113479.29643,0
1645800660000,0.05689,0.05699,0.05682,0.05690,4354729,1645800719999,247877.77019,702,2783681,158482.35157,0
1645800720000,0.05690,0.05695,0.05682,0.05683,4187045,1645800779999,238187.79894,526,2107910,119918.92526,0
1645800780000,0.05685,0.05694,0.05666,0.05679,7233275,1645800839999,410810.13327,856,3073582,174647.95025,0
1645800840000,0.05679,0.05718,0.05679,0.05711,7329643,1645800899999,417733.60414,1025,4824231,274886.83171,0
1645800900000,0.05709,0.05719,0.05696,0.05701,6545672,1645800959999,373754.91572,773,3930216,224458.97456,0
1645800960000,0.05700,0.05705,0.05678,0.05678,4072760,1645801019999,232027.13724,675,1264429,72059.60607,0
1645801020000,0.05678,0.05706,0.05676,0.05704,7275338,1645801079999,413816.93524,834,4577336,260431.48883,0
1645801080000,0.05704,0.05705,0.05677,0.05681,3722339,1645801139999,211900.77713,478,1529219,87050.44938,0
1645801140000,0.05684,0.05698,0.05659,0.05675,9651047,1645801199999,547741.32229,1280,4512744,256165.01036,0
1645801200000,0.05673,0.05691,0.05600,0.05613,28521578,1645801259999,1609296.36658,3284,9473591,535097.75878,0
1645801260000,0.05613,0.05631,0.05580,0.05611,20502176,1645801319999,1149145.78658,2593,10286169,576821.86256,0
1645801320000,0.05611,0.05615,0.05580,0.05596,16561456,1645801379999,927079.51214,2245,7072226,396001.85915,0
1645801380000,0.05596,0.05616,0.05587,0.05587,11487897,1645801439999,643665.55856,1564,5664100,317455.87697,0
1645801440000,0.05588,0.05605,0.05565,0.05574,13299890,1645801499999,742767.57727,1779,4753673,265726.24016,0
1645801500000,0.05573,0.05594,0.05545,0.05581,20915290,1645801559999,1165470.38652,2715,12149079,677461.84211,0
1645801560000,0.05581,0.05597,0.05570,0.05579,10836663,1645801619999,605222.43538,1425,5762428,321943.28931,0
1645801620000,0.05580,0.05612,0.05580,0.05599,13209138,1645801679999,739449.41431,1439,10603755,593674.43341,0
1645801680000,0.05597,0.05620,0.05592,0.05608,10402181,1645801739999,583451.18617,1250,6652256,373136.95444,0
1645801740000,0.05609,0.05619,0.05591,0.05604,6938890,1645801799999,388960.46646,749,3289142,184367.31774,0
1645801800000,0.05605,0.05629,0.05591,0.05617,6678542,1645801859999,374840.02720,941,3517375,197472.40511,0
1645801860000,0.05618,0.05629,0.05608,0.05611,6343815,1645801919999,356494.83516,801,3533268,198602.94491,0
1645801920000,0.05611,0.05630,0.05611,0.05621,2860378,1645801979999,160816.45904,491,1767973,99415.43195,0
1645801980000,0.05621,0.05650,0.05612,0.05632,8247417,1645802039999,464446.85031,1183,4686434,264013.87327,0
1645802040000,0.05631,0.05634,0.05612,0.05627,4136153,1645802099999,232601.74499,693,2328460,130952.16698,0
1645802100000,0.05626,0.05632,0.05611,0.05627,5384927,1645802159999,302682.01556,822,2940846,165341.70454,0
1645802160000,0.05627,0.05651,0.05621,0.05630,7242680,1645802219999,408098.47334,927,3948418,222512.12002,0
1645802220000,0.05631,0.05650,0.05631,0.05643,5568217,1645802279999,314117.97812,773,3198885,180465.98593,0
1645802280000,0.05641,0.05680,0.05638,0.05673,10346637,1645802339999,585943.55964,1550,7294753,413169.26471,0
1645802340000,0.05674,0.05703,0.05656,0.05684,8414387,1645802399999,477903.71028,1331,5536827,314580.99068,0
1645802400000,0.05684,0.05690,0.05659,0.05671,6098063,1645802459999,345834.14470,940,2917499,165495.26537,0
1645802460000,0.05670,0.05697,0.05670,0.05684,6063988,1645802519999,344817.80547,934,2960862,168378.80184,0
1645802520000,0.05684,0.05711,0.05672,0.05699,8825785,1645802579999,502282.34356,1151,4414083,251370.55049,0
1645802580000,0.05701,0.05741,0.05699,0.05727,11406498,1645802639999,652826.34753,1737,7614901,435961.75121,0
1645802640000,0.05727,0.05733,0.05718,0.05727,6430155,1645802699999,368202.21683,1020,2774117,158905.98624,0
1645802700000,0.05727,0.05787,0.05717,0.05777,14601828,1645802759999,839994.83349,2006,9696304,558057.97925,0
1645802760000,0.05777,0.05976,0.05775,0.05933,86984555,1645802819999,5121742.49664,11251,56890068,3348766.80359,0
1645802820000,0.05937,0.05938,0.05870,0.05896,33539866,1645802879999,1978829.26277,4525,12560039,741363.03992,0
1645802880000,0.05896,0.05939,0.05883,0.05905,21701657,1645802939999,1282850.65748,3032,12778574,755560.26778,0
1645802940000,0.05909,0.05934,0.05895,0.05896,11877897,1645802999999,702298.87397,1983,6272214,370976.59714,0
1645803000000,0.05896,0.05900,0.05882,0.05882,9555576,1645803059999,562861.50380,1692,4491037,264599.56405,0
1645803060000,0.05885,0.05894,0.05856,0.05890,15288719,1645803119999,898389.17949,2368,7997120,470219.93211,0
1645803120000,0.05890,0.05892,0.05847,0.05847,12694827,1645803179999,744473.47872,1658,4099017,240430.52562,0
1645803180000,0.05847,0.05870,0.05846,0.05869,9178255,1645803239999,537826.52246,1308,5178732,303507.01646,0
1645803240000,0.05869,0.05931,0.05866,0.05910,19301093,1645803299999,1139193.72309,2674,12566595,741770.61134,0
1645803300000,0.05910,0.05913,0.05879,0.05883,8719507,1645803359999,514268.36518,1474,3611121,213073.18508,0
1645803360000,0.05886,0.05886,0.05860,0.05873,9837391,1645803419999,577504.81277,1426,5393943,316691.80734,0
1645803420000,0.05873,0.05884,0.05858,0.05869,8669279,1645803479999,509023.33839,1210,4142740,243305.25919,0
1645803480000,0.05868,0.05874,0.05840,0.05854,10123253,1645803539999,592417.62339,1376,4201988,245981.05729,0
1645803540000,0.05854,0.05868,0.05852,0.05854,4957584,1645803599999,290565.81498,801,2739379,160579.18842,0
1645803600000,0.05856,0.05886,0.05856,0.05872,10087511,1645803659999,592133.63310,1349,5736582,336863.96207,0
1645803660000,0.05874,0.05908,0.05871,0.05893,12251938,1645803719999,722350.82218,1571,6253221,368676.69531,0
1645803720000,0.05894,0.05910,0.05878,0.05902,8835408,1645803779999,520830.00810,1200,5130216,302494.07203,0
1645803780000,0.05904,0.05908,0.05871,0.05894,8415672,1645803839999,495901.21686,1063,3689901,217466.57247,0
1645803840000,0.05894,0.05904,0.05879,0.05902,9147213,1645803899999,538885.09318,1164,6213568,366091.96808,0
1645803900000,0.05902,0.05950,0.05892,0.05950,15843762,1645803959999,938221.32031,2233,11232687,665446.37737,0
1645803960000,0.05950,0.05988,0.05933,0.05948,27144621,1645804019999,1617610.22048,3700,15811309,942806.94613,0
1645804020000,0.05947,0.05959,0.05914,0.05926,14023865,1645804079999,833073.20008,1931,5434461,322826.22518,0
1645804080000,0.05928,0.05945,0.05918,0.05932,14360970,1645804139999,851976.16141,1818,7200971,427149.59187,0
1645804140000,0.05934,0.05960,0.05929,0.05957,10042423,1645804199999,597055.47258,1507,6045613,359456.35840,0
1645804200000,0.05956,0.05958,0.05913,0.05931,10014451,1645804259999,594145.60974,1527,3104243,184148.49591,0
1645804260000,0.05931,0.05935,0.05914,0.05929,8313554,1645804319999,492761.15584,1166,4418966,261966.26978,0
1645804320000,0.05929,0.05960,0.05929,0.05944,7693652,1645804379999,457299.84203,1138,3647109,216828.38463,0
1645804380000,0.05940,0.05966,0.05940,0.05955,6992421,1645804439999,416309.61135,1098,4582111,272858.02468,0
1645804440000,0.05952,0.05966,0.05946,0.05946,7314625,1645804499999,435653.53382,1005,2915097,173647.16391,0
1645804500000,0.05948,0.06145,0.05947,0.06055,71079831,1645804559999,4308477.47066,8647,47056869,2849556.71110,0
1645804560000,0.06055,0.06063,0.06032,0.06055,13704426,1645804619999,829149.49166,2357,7348739,444706.94901,0
1645804620000,0.06055,0.06099,0.06051,0.06071,22620293,1645804679999,1374204.21662,3164,12307566,747771.23591,0
1645804680000,0.06072,0.06099,0.06054,0.06090,15623758,1645804739999,948933.10676,2374,9468241,575297.84900,0
1645804740000,0.06090,0.06200,0.06089,0.06139,64444008,1645804799999,3964435.04851,6849,33751907,2076416.12424,0
1645804800000,0.06139,0.06243,0.06089,0.06215,41674193,1645804859999,2566900.22700,5242,25086731,1548258.84774,0
1645804860000,0.06215,0.06321,0.06201,0.06305,75401080,1645804919999,4716672.41172,8855,46617282,2917400.87704,0
1645804920000,0.06306,0.06326,0.06276,0.06297,40200254,1645804979999,2531175.34406,5595,20791749,1309913.91755,0
1645804980000,0.06294,0.06372,0.06289,0.06337,46841149,1645805039999,2966366.84842,6027,30359070,1923023.98545,0
1645805040000,0.06341,0.06350,0.06284,0.06296,29582170,1645805099999,1866857.16598,4008,12640879,798015.40898,0
1645805100000,0.06298,0.06304,0.06256,0.06259,29767207,1645805159999,1867472.57960,4441,12187935,764860.02789,0
1645805160000,0.06258,0.06278,0.06211,0.06242,28283496,1645805219999,1765968.42826,3329,12163006,760085.12199,0
1645805220000,0.06242,0.06247,0.06186,0.06202,27643847,1645805279999,1715519.58961,3303,11901230,738950.46359,0
1645805280000,0.06202,0.06210,0.06185,0.06195,15494180,1645805339999,960487.77246,2196,9047980,560997.18045,0
1645805340000,0.06195,0.06200,0.06182,0.06195,9662833,1645805399999,598237.47711,1632,5302383,328350.23187,0
1645805400000,0.06195,0.06199,0.06170,0.06186,11922000,1645805459999,737186.74686,1624,6155151,380783.77629,0
1645805460000,0.06186,0.06204,0.06171,0.06203,13031846,1645805519999,806343.28819,1659,7234326,447750.36896,0
1645805520000,0.06203,0.06260,0.06200,0.06240,27253704,1645805579999,1697819.34467,3690,16648617,1037518.82271,0
1645805580000,0.06239,0.06246,0.06175,0.06175,22122923,1645805639999,1374124.99729,2368,8935671,555028.47943,0
1645805640000,0.06175,0.06200,0.06159,0.06162,14470959,1645805699999,893835.79997,2101,6639437,410430.99594,0
1645805700000,0.06161,0.06188,0.06155,0.06160,8186607,1645805759999,505209.73177,1375,4115250,254057.55829,0
1645805760000,0.06164,0.06169,0.06126,0.06138,18590650,1645805819999,1142800.11932,2469,6580731,404743.59566,0
1645805820000,0.06137,0.06142,0.06093,0.06107,29079438,1645805879999,1777747.68194,3453,10678551,652793.46839,0
1645805880000,0.06109,0.06135,0.06103,0.06113,13387133,1645805939999,818947.73549,2017,6762896,413823.60366,0
1645805940000,0.06114,0.06170,0.06111,0.06152,13446521,1645805999999,826820.93889,2011,8893574,546942.04334,0
1645806000000,0.06153,0.06159,0.06137,0.06145,8775230,1645806059999,539512.54803,1078,3919812,241076.38243,0
1645806060000,0.06144,0.06151,0.06124,0.06140,5518362,1645806119999,338621.32606,957,2532987,155488.27903,0
1645806120000,0.06140,0.06169,0.06112,0.06116,11478726,1645806179999,705154.53101,1412,5939557,365197.37091,0
1645806180000,0.06117,0.06125,0.06107,0.06117,9767345,1645806239999,597386.55525,1225,3633102,222244.87474,0
1645806240000,0.06116,0.06162,0.06112,0.06157,10564724,1645806299999,648649.82674,1457,5934000,364471.01481,0
1645806300000,0.06159,0.06210,0.06157,0.06187,18951266,1645806359999,1173266.47671,2311,11749375,727462.51618,0
1645806360000,0.06188,0.06195,0.06140,0.06144,13138741,1645806419999,809817.69517,1889,4749019,292763.76517,0
1645806420000,0.06144,0.06213,0.06142,0.06210,11221573,1645806479999,693319.02806,1606,7976931,493093.47746,0
1645806480000,0.06212,0.06249,0.06198,0.06228,20476605,1645806539999,1273980.06426,2452,11624577,723399.78526,0
1645806540000,0.06228,0.06250,0.06202,0.06211,18390676,1645806599999,1145324.77197,2084,9277152,578132.54358,0
1645806600000,0.06210,0.06230,0.06171,0.06196,14686804,1645806659999,910178.05931,2104,6772394,419957.69509,0
1645806660000,0.06197,0.06203,0.06166,0.06169,12903148,1645806719999,798193.29111,1451,5601056,346585.78482,0
1645806720000,0.06171,0.06177,0.06147,0.06169,13039905,1645806779999,803513.91649,1829,6980409,430245.96709,0
1645806780000,0.06169,0.06273,0.06167,0.06255,16434103,1645806839999,1021153.26421,2633,10139331,630656.71905,0
1645806840000,0.06256,0.06285,0.06243,0.06247,18560015,1645806899999,1162384.01210,2552,9433527,591086.52752,0
1645806900000,0.06246,0.06280,0.06240,0.06265,10232303,1645806959999,640801.78325,1669,4993956,312834.79983,0
1645806960000,0.06268,0.06282,0.06235,0.06241,16561645,1645807019999,1036314.58927,2186,6816092,426928.79139,0
1645807020000,0.06241,0.06260,0.06214,0.06216,11690411,1645807079999,729343.57794,1852,4766619,297487.57959,0
1645807080000,0.06216,0.06271,0.06212,0.06252,12849556,1645807139999,801631.42238,1726,6860419,428079.17423,0
1645807140000,0.06252,0.06278,0.06244,0.06267,7767652,1645807199999,486120.04409,1192,4277132,267720.99570,0
1645807200000,0.06264,0.06277,0.06237,0.06277,7792316,1645807259999,487567.72583,1252,3547978,222011.84963,0
1645807260000,0.06277,0.06363,0.06273,0.06363,36900352,1645807319999,2333821.85132,4935,20577229,1301650.34247,0
1645807320000,0.06363,0.06430,0.06362,0.06404,49648725,1645807379999,3180902.95783,6469,27727105,1776559.91501,0
1645807380000,0.06404,0.06412,0.06345,0.06349,22774318,1645807439999,1451390.58729,3419,10017023,638467.18250,0
1645807440000,0.06349,0.06354,0.06327,0.06338,13755035,1645807499999,871954.98753,2107,6743397,427584.12450,0
1645807500000,0.06338,0.06403,0.06338,0.06357,23390112,1645807559999,1489297.64564,3123,12281591,782293.05646,0
1645807560000,0.06356,0.06358,0.06310,0.06325,15611789,1645807619999,988122.10604,2122,6234248,394681.43866,0
1645807620000,0.06323,0.06336,0.06303,0.06305,10538936,1645807679999,665619.41168,1704,4840523,305815.95452,0
1645807680000,0.06304,0.06304,0.06287,0.06293,12767427,1645807739999,803741.94024,1711,5471446,344489.19227,0
1645807740000,0.06294,0.06368,0.06292,0.06315,24530883,1645807799999,1552105.98410,2521,15611435,987656.66510,0
1645807800000,0.06318,0.06342,0.06300,0.06327,10778048,1645807859999,681396.95896,1438,6224042,393524.66670,0
1645807860000,0.06329,0.06372,0.06308,0.06313,14950054,1645807919999,947373.36745,2141,6703950,425107.27154,0
1645807920000,0.06313,0.06335,0.06313,0.06332,6945723,1645807979999,439197.02566,1076,3740230,236536.83549,0
1645807980000,0.06332,0.06411,0.06331,0.06389,21010982,1645808039999,1340532.74854,2861,11740240,749234.67556,0
1645808040000,0.06390,0.06427,0.06379,0.06422,21956690,1645808099999,1405965.27196,2760,13637620,873722.31315,0
1645808100000,0.06422,0.06457,0.06370,0.06380,43559513,1645808159999,2799510.58796,5072,23788992,1530430.02579,0
1645808160000,0.06379,0.06399,0.06360,0.06376,12264554,1645808219999,782207.43511,1911,6783849,432753.06183,0
1645808220000,0.06375,0.06388,0.06353,0.06360,10679590,1645808279999,680245.62853,1408,4137117,263637.66022,0
1645808280000,0.06360,0.06372,0.06315,0.06323,13665171,1645808339999,867178.56855,1618,5099461,323768.14850,0
1645808340000,0.06323,0.06361,0.06314,0.06336,17322009,1645808399999,1097528.27084,1806,10912202,691052.20455,0
1645808400000,0.06340,0.06345,0.06268,0.06287,27704866,1645808459999,1744594.09141,3240,9571069,602446.47795,0
1645808460000,0.06287,0.06299,0.06263,0.06287,15677599,1645808519999,984619.83463,2166,8533060,536103.43879,0
1645808520000,0.06287,0.06319,0.06274,0.06278,17884038,1645808579999,1125658.99724,2046,8400237,528833.70046,0
1645808580000,0.06274,0.06290,0.06249,0.06259,14110739,1645808639999,884201.40054,1630,5185240,325109.36650,0
1645808640000,0.06263,0.06278,0.06251,0.06252,7114958,1645808699999,445873.25806,1180,3266952,204794.82537,0
1645808700000,0.06252,0.06289,0.06251,0.06263,9758772,1645808759999,611597.77672,1555,5440168,341114.36361,0
1645808760000,0.06263,0.06278,0.06246,0.06252,7203520,1645808819999,451051.23887,1160,3116094,195235.99911,0
1645808820000,0.06253,0.06293,0.06247,0.06261,9509918,1645808879999,596589.61076,1177,5939912,372755.44887,0
1645808880000,0.06264,0.06290,0.06254,0.06279,9059099,1645808939999,567982.57036,1157,5188731,325348.31704,0
1645808940000,0.06278,0.06312,0.06254,0.06263,13418932,1645808999999,843540.97273,1735,7233413,455004.49033,0
1645809000000,0.06261,0.06280,0.06248,0.06263,8462214,1645809059999,529865.89422,1143,4062851,254472.70459,0
1645809060000,0.06262,0.06268,0.06240,0.06247,10571994,1645809119999,660540.04497,1390,3983336,248921.14982,0
1645809120000,0.06246,0.06256,0.06210,0.06218,15741970,1645809179999,980745.65343,2393,4877864,304013.72878,0
1645809180000,0.06218,0.06237,0.06201,0.06226,16171854,1645809239999,1005742.04959,2373,7114845,442738.49326,0
1645809240000,0.06222,0.06236,0.06204,0.06225,13760407,1645809299999,855697.70543,1974,4844366,301384.28991,0
1645809300000,0.06226,0.06227,0.06165,0.06200,24191700,1645809359999,1496997.96981,3469,8407736,520190.02488,0
1645809360000,0.06202,0.06234,0.06190,0.06229,11650975,1645809419999,723754.83177,1814,6585761,409267.58805,0
1645809420000,0.06230,0.06279,0.06229,0.06232,17698031,1645809479999,1107167.25995,2378,10044480,628364.19277,0
1645809480000,0.06234,0.06266,0.06224,0.06247,9793581,1645809539999,611772.75188,1293,5395426,337126.85496,0
1645809540000,0.06250,0.06280,0.06245,0.06245,10600835,1645809599999,663750.62446,1347,6239889,390810.93054,0
1645809600000,0.06246,0.06264,0.06242,0.06246,7404266,1645809659999,462706.27591,953,3124037,195286.44374,0
1645809660000,0.06246,0.06264,0.06240,0.06251,4605821,1645809719999,287811.70215,664,1716691,107314.19206,0
1645809720000,0.06255,0.06289,0.06252,0.06274,11452819,1645809779999,718014.40643,1144,8752356,548555.96260,0
1645809780000,0.06274,0.06284,0.06267,0.06280,7856801,1645809839999,492985.58060,968,3740192,234700.86616,0
1645809840000,0.06281,0.06286,0.06266,0.06277,7848905,1645809899999,492775.10341,1021,3843514,241339.80063,0
1645809900000,0.06276,0.06372,0.06275,0.06317,24757665,1645809959999,1566372.23475,2821,18156870,1148760.78735,0
1645809960000,0.06319,0.06349,0.06316,0.06317,12645477,1645810019999,800209.57060,1689,6620824,419074.28526,0
1645810020000,0.06318,0.06321,0.06295,0.06298,9245156,1645810079999,583338.06619,1329,3729868,235462.02301,0
1645810080000,0.06300,0.06338,0.06277,0.06311,20549514,1645810139999,1296509.31022,2135,7696843,485520.62438,0
1645810140000,0.06311,0.06327,0.06303,0.06306,6741188,1645810199999,425493.62341,923,3518349,222100.15837,0
1645810200000,0.06305,0.06330,0.06301,0.06327,6082389,1645810259999,383953.28833,1103,3397802,214528.64356,0
1645810260000,0.06323,0.06323,0.06273,0.06287,10732940,1645810319999,675931.91593,1499,4846795,305404.39138,0
1645810320000,0.06288,0.06302,0.06276,0.06300,4606719,1645810379999,289636.26246,792,1843371,115933.70484,0
1645810380000,0.06301,0.06318,0.06287,0.06290,4420868,1645810439999,278543.44751,819,2575521,162271.40114,0
1645810440000,0.06289,0.06292,0.06258,0.06278,6820866,1645810499999,427785.20164,1046,2290794,143681.84285,0
1645810500000,0.06278,0.06285,0.06247,0.06256,6095873,1645810559999,381848.61728,1005,2043414,128049.78659,0
1645810560000,0.06257,0.06287,0.06255,0.06275,8243900,1645810619999,517114.12857,930,5447878,341698.15232,0
1645810620000,0.06274,0.06358,0.06274,0.06353,17768263,1645810679999,1122828.66140,2526,11713833,739934.08647,0
1645810680000,0.06353,0.06428,0.06353,0.06388,30869568,1645810739999,1973625.50476,4183,20018433,1279752.01016,0
1645810740000,0.06388,0.06479,0.06387,0.06434,33725810,1645810799999,2171680.82236,4648,20765448,1337171.16669,0
1645810800000,0.06436,0.06466,0.06405,0.06424,22926731,1645810859999,1475496.54705,2831,10150270,653631.96082,0
1645810860000,0.06421,0.06422,0.06379,0.06383,13827639,1645810919999,884517.28668,2116,4541768,290617.43041,0
1645810920000,0.06385,0.06399,0.06362,0.06386,12331190,1645810979999,787006.41178,1746,5625320,359148.49891,0
1645810980000,0.06387,0.06397,0.06370,0.06392,15022933,1645811039999,959158.22875,1353,6549258,418179.11992,0
1645811040000,0.06392,0.06397,0.06361,0.06361,7983373,1645811099999,509279.01743,1218,3192481,203765.13220,0
1645811100000,0.06360,0.06387,0.06354,0.06365,8986254,1645811159999,572167.36079,1234,5212055,331946.35080,0
1645811160000,0.06365,0.06405,0.06365,0.06370,10584061,1645811219999,675929.98976,1366,7287825,465454.42513,0
1645811220000,0.06368,0.06405,0.06367,0.06370,10584075,1645811279999,675930.32712,1591,6306685,402802.61078,0
1645811280000,0.06370,0.06470,0.06366,0.06452,21731566,1645811339999,1396101.58522,2834,13479741,865467.85460,0
1645811340000,0.06454,0.06576,0.06446,0.06469,62915002,1645811399999,4095677.16263,8265,35965204,2342291.50597,0
1645811400000,0.06469,0.06496,0.06432,0.06496,28195232,1645811459999,1824312.35938,3460,15610038,1010541.96604,0
1645811460000,0.06496,0.06599,0.06476,0.06599,47966903,1645811519999,3138294.89695,6177,29215405,1911637.71010,0
1645811520000,0.06600,0.06616,0.06538,0.06544,32888754,1645811579999,2161089.01212,4598,14401065,947315.43973,0
1645811580000,0.06544,0.06555,0.06531,0.06540,11638405,1645811639999,761331.89543,2035,5375245,351728.96379,0
1645811640000,0.06543,0.06575,0.06513,0.06526,15057989,1645811699999,985861.76208,2527,6758930,442953.42768,0
1645811700000,0.06527,0.06527,0.06492,0.06508,15647719,1645811759999,1018395.99046,2164,6933404,451298.09733,0
1645811760000,0.06505,0.06555,0.06505,0.06544,10498242,1645811819999,686279.26732,2012,6526197,426624.16214,0
1645811820000,0.06544,0.06567,0.06506,0.06519,15407973,1645811879999,1007333.10199,2404,6620772,432899.94639,0
1645811880000,0.06520,0.06550,0.06513,0.06515,12995090,1645811939999,848079.92073,1683,6054572,395315.76528,0
1645811940000,0.06515,0.06515,0.06456,0.06470,26304089,1645811999999,1705065.22607,3157,12762991,827028.33979,0
1645812000000,0.06470,0.06496,0.06456,0.06463,12767021,1645812059999,826949.85002,1745,6608693,428213.94939,0
1645812060000,0.06461,0.06465,0.06412,0.06423,31483059,1645812119999,2027503.92942,3543,11132945,717388.52515,0
1645812120000,0.06423,0.06429,0.06386,0.06398,25155606,1645812179999,1610987.87587,3297,9062241,580506.95832,0
1645812180000,0.06400,0.06410,0.06370,0.06390,22018228,1645812239999,1406458.74317,3153,10615853,678476.80194,0
1645812240000,0.06391,0.06406,0.06384,0.06397,11567360,1645812299999,739707.87126,1870,6493941,415350.32752,0
1645812300000,0.06397,0.06400,0.06370,0.06370,8491399,1645812359999,542477.33561,1307,3741598,239110.63304,0
1645812360000,0.06373,0.06378,0.06356,0.06363,11234579,1645812419999,715397.84297,1778,5791847,368964.80758,0
1645812420000,0.06364,0.06394,0.06348,0.06355,10791112,1645812479999,687235.14597,1717,5172270,329723.82435,0
1645812480000,0.06356,0.06367,0.06336,0.06358,19330361,1645812539999,1227152.54486,2791,6748789,428641.12371,0
1645812540000,0.06355,0.06371,0.06325,0.06333,14394878,1645812599999,913911.54358,2216,6354638,403682.83946,0
1645812600000,0.06334,0.06364,0.06329,0.06360,13947100,1645812659999,885213.58492,1878,7360167,467370.91247,0
1645812660000,0.06360,0.06360,0.06333,0.06354,9696386,1645812719999,615300.76455,1407,4680937,297150.10205,0
1645812720000,0.06354,0.06382,0.06349,0.06375,11234500,1645812779999,715265.85358,1551,7383382,470152.75912,0
1645812780000,0.06375,0.06381,0.06341,0.06353,14587880,1645812839999,927860.41109,1607,7823775,497586.95298,0
1645812840000,0.06351,0.06365,0.06317,0.06324,12786765,1645812899999,810112.29790,1697,4405846,279193.52891,0
1645812900000,0.06325,0.06339,0.06305,0.06314,10951091,1645812959999,692551.26173,1698,4295025,271793.84789,0
1645812960000,0.06317,0.06332,0.06283,0.06328,17211721,1645813019999,1085207.61171,2336,6901714,435383.54023,0
1645813020000,0.06327,0.06362,0.06314,0.06345,12899529,1645813079999,817961.28637,1710,8766637,556068.14226,0
1645813080000,0.06344,0.06374,0.06342,0.06367,11449500,1645813139999,727995.51311,1399,8159215,518893.53714,0
1645813140000,0.06367,0.06380,0.06335,0.06337,9784448,1645813199999,621877.74777,1256,4674951,297177.65435,0
1645813200000,0.06336,0.06353,0.06311,0.06334,8499717,1645813259999,538594.38552,1177,3280790,207963.08676,0
1645813260000,0.06336,0.06358,0.06332,0.06352,7830949,1645813319999,496876.00531,1013,3724036,236399.31223,0
1645813320000,0.06352,0.06355,0.06301,0.06310,11235857,1645813379999,711008.24265,1299,4284925,271315.19206,0
1645813380000,0.06311,0.06312,0.06293,0.06303,10002592,1645813439999,630361.60314,1397,5187121,326944.94020,0
1645813440000,0.06303,0.06306,0.06292,0.06300,6771182,1645813499999,426602.28476,851,3661318,230710.39250,0
1645813500000,0.06300,0.06303,0.06256,0.06273,17901811,1645813559999,1123730.62894,2270,6124556,384705.32535,0
1645813560000,0.06274,0.06305,0.06249,0.06303,17792396,1645813619999,1116203.70545,1968,9384934,589211.38941,0
1645813620000,0.06301,0.06323,0.06288,0.06293,11520704,1645813679999,726601.77184,1472,6168349,389133.92407,0
1645813680000,0.06292,0.06330,0.06283,0.06315,16456784,1645813739999,1038458.92611,1724,9759833,615884.72668,0
1645813740000,0.06317,0.06342,0.06310,0.06317,8953870,1645813799999,566326.01534,1137,5361350,339159.87008,0
1645813800000,0.06316,0.06336,0.06315,0.06325,7690291,1645813859999,486564.08228,1028,5096092,322486.08953,0
1645813860000,0.06325,0.06336,0.06319,0.06332,6045459,1645813919999,382722.04026,802,4312131,273022.19704,0
1645813920000,0.06334,0.06334,0.06294,0.06310,6724173,1645813979999,424264.02063,995,2835082,178889.44570,0
1645813980000,0.06310,0.06314,0.06290,0.06298,5984804,1645814039999,376973.92276,808,2684543,169140.18439,0
1645814040000,0.06298,0.06314,0.06277,0.06277,5473879,1645814099999,344707.36978,813,1765950,111304.30962,0
1645814100000,0.06277,0.06289,0.06268,0.06278,6768234,1645814159999,424853.01903,1062,2775142,174254.29911,0
1645814160000,0.06276,0.06277,0.06251,0.06265,7820715,1645814219999,489826.81826,1011,3335278,208925.14199,0
1645814220000,0.06265,0.06294,0.06261,0.06279,6025148,1645814279999,378321.11832,926,3644668,228898.75034,0
1645814280000,0.06281,0.06334,0.06280,0.06310,10487148,1645814339999,662083.40631,1337,7134161,450461.26738,0
1645814340000,0.06310,0.06317,0.06299,0.06301,4738977,1645814399999,299036.99140,596,2088362,131802.76213,0
1645814400000,0.06302,0.06312,0.06296,0.06301,5352304,1645814459999,337369.90756,636,2354757,148436.47304,0
1645814460000,0.06301,0.06305,0.06296,0.06302,3844218,1645814519999,242248.21424,535,2019608,127276.05418,0
1645814520000,0.06303,0.06329,0.06303,0.06324,7157483,1645814579999,452410.23453,1093,5247446,331673.34075,0
1645814580000,0.06323,0.06355,0.06318,0.06324,11675796,1645814639999,739818.96031,1597,7861517,498264.47595,0
1645814640000,0.06324,0.06344,0.06317,0.06335,6566337,1645814699999,415635.84765,1016,3524924,223174.59143,0
1645814700000,0.06332,0.06351,0.06326,0.06349,6478027,1645814759999,410783.46749,913,3854914,244528.80833,0
1645814760000,0.06347,0.06379,0.06335,0.06339,12054328,1645814819999,766143.03842,1723,7757452,493124.16306,0
1645814820000,0.06337,0.06338,0.06300,0.06303,8007633,1645814879999,505752.79329,1237,2606762,164701.23700,0
1645814880000,0.06303,0.06320,0.06300,0.06319,4049891,1645814939999,255577.85550,627,2062003,130136.14906,0
1645814940000,0.06318,0.06336,0.06318,0.06325,3913805,1645814999999,247608.20599,576,2178726,137844.31215,0
1645815000000,0.06325,0.06330,0.06316,0.06318,3344304,1645815059999,211426.88254,474,1093950,69169.40163,0
1645815060000,0.06318,0.06324,0.06307,0.06307,3016676,1645815119999,190569.84487,546,1293006,81701.57049,0
1645815120000,0.06308,0.06310,0.06285,0.06302,6120203,1645815179999,385289.68589,1075,1991562,125403.37753,0
1645815180000,0.06301,0.06304,0.06293,0.06293,3140686,1645815239999,197824.20996,573,1260105,79384.71589,0
1645815240000,0.06294,0.06304,0.06292,0.06295,3763045,1645815299999,236958.62439,686,1616595,101805.09671,0
1645815300000,0.06294,0.06297,0.06273,0.06292,9101121,1645815359999,572033.14638,1153,2157868,135647.93869,0
1645815360000,0.06291,0.06317,0.06291,0.06311,5011261,1645815419999,316259.09059,772,2758297,174055.31937,0
1645815420000,0.06310,0.06368,0.06307,0.06330,10794423,1645815479999,684229.36937,1554,6019875,381513.44727,0
1645815480000,0.06329,0.06399,0.06320,0.06396,12392225,1645815539999,787095.76747,1576,8684181,551957.23069,0
1645815540000,0.06396,0.06494,0.06350,0.06366,36695294,1645815599999,2354905.09193,3872,15489220,994177.63102,0
1645815600000,0.06367,0.06378,0.06327,0.06341,10210014,1645815659999,648637.80843,1597,5531395,351561.22381,0
1645815660000,0.06342,0.06404,0.06338,0.06404,15613465,1645815719999,993346.48790,1756,11795038,750869.26798,0
1645815720000,0.06400,0.06450,0.06374,0.06390,26603469,1645815779999,1705181.46405,3391,17763263,1139093.22664,0
1645815780000,0.06391,0.06397,0.06378,0.06382,4894376,1645815839999,312629.28286,884,2748664,175591.21973,0
1645815840000,0.06382,0.06387,0.06353,0.06354,5457881,1645815899999,347604.00226,1036,1872906,119293.37288,0
1645815900000,0.06354,0.06359,0.06338,0.06341,5815962,1645815959999,369179.87588,831,2307540,146503.89020,0
1645815960000,0.06341,0.06343,0.06302,0.06310,11332831,1645816019999,715840.65317,1514,3693419,233354.20882,0
1645816020000,0.06309,0.06339,0.06306,0.06316,5356265,1645816079999,338554.83147,985,3052031,192996.77703,0
1645816080000,0.06316,0.06322,0.06303,0.06318,6020079,1645816139999,380044.57907,934,2800604,176823.36015,0
1645816140000,0.06318,0.06357,0.06311,0.06351,6425252,1645816199999,406841.29852,1088,3804153,240946.25616,0
1645816200000,0.06351,0.06358,0.06323,0.06332,5175400,1645816259999,328111.34266,904,2034446,129024.00096,0
1645816260000,0.06334,0.06370,0.06328,0.06369,6872401,1645816319999,436645.20250,890,5319064,338075.46151,0
1645816320000,0.06370,0.06387,0.06365,0.06379,7828215,1645816379999,499188.47617,1376,4463228,284654.70084,0
1645816380000,0.06379,0.06385,0.06350,0.06374,7843297,1645816439999,499843.88573,1055,2725653,173578.07219,0
1645816440000,0.06375,0.06375,0.06353,0.06368,2173393,1645816499999,138302.48068,585,1202216,76506.76054,0
1645816500000,0.06369,0.06384,0.06360,0.06365,4159757,1645816559999,265050.14997,703,1715878,109355.84015,0
1645816560000,0.06365,0.06393,0.06350,0.06393,6756594,1645816619999,430466.25427,1048,4924874,313876.23787,0
1645816620000,0.06391,0.06399,0.06365,0.06369,5564791,1645816679999,355105.31644,998,3037216,193804.75498,0
1645816680000,0.06368,0.06374,0.06346,0.06355,4571231,1645816739999,290900.00447,749,1541784,98137.14604,0
1645816740000,0.06356,0.06368,0.06346,0.06350,4615894,1645816799999,293426.71117,812,2736386,174009.74570,0
1645816800000,0.06351,0.06369,0.06340,0.06343,4173061,1645816859999,265187.76526,792,2299005,146129.70539,0
1645816860000,0.06344,0.06357,0.06340,0.06353,4739044,1645816919999,300747.42538,665,2853421,181086.99583,0
1645816920000,0.06353,0.06385,0.06350,0.06375,7397751,1645816979999,471368.02308,1145,4371446,278584.16222,0
1645816980000,0.06376,0.06417,0.06375,0.06397,6968702,1645817039999,445694.10895,1245,4583180,293191.70264,0
1645817040000,0.06398,0.06414,0.06391,0.06400,7068579,1645817099999,452406.62280,1117,3495242,223744.29648,0
1645817100000,0.06399,0.06419,0.06389,0.06401,5944353,1645817159999,380736.65819,992,3388691,217112.53737,0
1645817160000,0.06401,0.06405,0.06382,0.06386,3576825,1645817219999,228584.74075,735,1723811,110172.89982,0
1645817220000,0.06387,0.06389,0.06370,0.06377,4883708,1645817279999,311588.03019,732,2562390,163455.39507,0
1645817280000,0.06378,0.06405,0.06360,0.06389,10950948,1645817339999,699040.04171,1161,4969023,317042.91702,0
1645817340000,0.06390,0.06394,0.06366,0.06376,3960044,1645817399999,252749.97407,658,2298850,146767.44142,0
1645817400000,0.06377,0.06398,0.06376,0.06390,4267322,1645817459999,272472.12545,663,1981474,126564.10088,0
1645817460000,0.06391,0.06408,0.06366,0.06379,7540475,1645817519999,481658.82577,1028,3813713,243681.02246,0
1645817520000,0.06380,0.06398,0.06376,0.06393,4338189,1645817579999,276992.92002,718,1820864,116291.26892,0
1645817580000,0.06393,0.06435,0.06393,0.06422,8927326,1645817639999,572843.33127,1329,5222461,335208.64580,0
1645817640000,0.06421,0.06425,0.06387,0.06405,8209436,1645817699999,525741.09569,1384,4135640,264921.36065,0
1645817700000,0.06406,0.06468,0.06402,0.06459,13670468,1645817759999,880660.74832,2131,8707871,560996.46949,0
1645817760000,0.06460,0.06480,0.06439,0.06450,11339280,1645817819999,732251.10028,1734,5296930,342270.51697,0
1645817820000,0.06450,0.06455,0.06410,0.06419,7287458,1645817879999,468538.26713,1297,3311670,212959.07299,0
1645817880000,0.06419,0.06432,0.06403,0.06404,6161179,1645817939999,395196.07832,891,2607922,167344.49455,0
1645817940000,0.06405,0.06430,0.06387,0.06390,7166755,1645817999999,459189.10685,1141,3249053,208274.90550,0
1645818000000,0.06389,0.06406,0.06382,0.06394,4780413,1645818059999,305668.78082,738,2723081,174131.02553,0
1645818060000,0.06394,0.06410,0.06394,0.06395,4090610,1645818119999,261878.68332,688,2539617,162593.91453,0
1645818120000,0.06397,0.06402,0.06381,0.06389,4955771,1645818179999,316752.37752,858,1980920,126656.69783,0
1645818180000,0.06386,0.06419,0.06384,0.06412,6086895,1645818239999,389629.33960,895,3299400,211202.90233,0
1645818240000,0.06414,0.06450,0.06414,0.06445,6537061,1645818299999,420484.43869,1108,3167385,203728.01147,0
1645818300000,0.06446,0.06458,0.06429,0.06442,6817077,1645818359999,439506.11394,1186,3322028,214226.08564,0
1645818360000,0.06439,0.06444,0.06412,0.06415,5224482,1645818419999,335634.68474,922,2415066,155143.88873,0
1645818420000,0.06418,0.06467,0.06406,0.06466,11141323,1645818479999,716950.84614,1549,5475752,352784.17904,0
1645818480000,0.06466,0.06466,0.06434,0.06437,7929226,1645818539999,511483.51934,1250,3523285,227342.40238,0
1645818540000,0.06438,0.06442,0.06408,0.06409,5528464,1645818599999,355264.20280,954,2295904,147599.35186,0
1645818600000,0.06411,0.06412,0.06390,0.06394,8850772,1645818659999,566590.35535,1072,4287079,274508.06856,0
1645818660000,0.06393,0.06410,0.06361,0.06373,11560768,1645818719999,738172.17193,1519,4108818,262507.40413,0
1645818720000,0.06371,0.06384,0.06337,0.06348,10283702,1645818779999,654166.95433,1554,4369350,278039.15234,0
1645818780000,0.06351,0.06357,0.06328,0.06333,11328250,1645818839999,718358.01738,1798,5908600,374757.07867,0
1645818840000,0.06334,0.06363,0.06334,0.06351,5024068,1645818899999,319168.15510,894,2562947,162822.01544,0
1645818900000,0.06351,0.06371,0.06351,0.06368,3470508,1645818959999,220740.49695,579,2071148,131744.19735,0
1645818960000,0.06369,0.06375,0.06355,0.06361,3259649,1645819019999,207417.91749,575,931540,59292.35664,0
1645819020000,0.06360,0.06367,0.06337,0.06342,4725554,1645819079999,300079.02100,732,1355742,86099.63607,0
1645819080000,0.06340,0.06358,0.06325,0.06328,9654718,1645819139999,611943.88238,1395,4534273,287477.15372,0
1645819140000,0.06331,0.06331,0.06308,0.06328,15565922,1645819199999,983649.35355,1553,9205504,581641.72168,0
1645819200000,0.06326,0.06328,0.06300,0.06303,5666292,1645819259999,357495.66269,1086,2085991,131652.32975,0
1645819260000,0.06303,0.06322,0.06289,0.06320,9328154,1645819319999,588104.61790,1376,4407483,278031.48396,0
1645819320000,0.06319,0.06354,0.06304,0.06326,13767375,1645819379999,871375.86651,1774,7070135,447849.35730,0
1645819380000,0.06326,0.06350,0.06322,0.06334,4517410,1645819439999,286258.86388,860,3089012,195740.30528,0
1645819440000,0.06334,0.06339,0.06310,0.06319,3837293,1645819499999,242612.47313,668,1428405,90328.36932,0
1645819500000,0.06320,0.06361,0.06316,0.06356,6500233,1645819559999,412304.30135,1149,3847072,244039.13949,0
1645819560000,0.06354,0.06356,0.06327,0.06330,2742602,1645819619999,173876.63450,590,1100435,69754.21744,0
1645819620000,0.06330,0.06330,0.06298,0.06300,7012189,1645819679999,442717.57671,1040,2075839,131085.75473,0
1645819680000,0.06301,0.06329,0.06283,0.06326,10751925,1645819739999,677256.87737,1452,4710563,296813.37187,0
1645819740000,0.06323,0.06347,0.06305,0.06342,6614457,1645819799999,418251.48787,1152,3509787,222008.77020,0
1645819800000,0.06345,0.06351,0.06337,0.06345,6073244,1645819859999,385373.50076,891,3049767,193543.97416,0
1645819860000,0.06345,0.06349,0.06324,0.06335,2276841,1645819919999,144222.06403,556,810522,51343.85845,0
1645819920000,0.06334,0.06343,0.06330,0.06343,2904190,1645819979999,184005.61162,463,1797102,113872.90126,0
1645819980000,0.06343,0.06352,0.06330,0.06351,7316499,1645820039999,463890.76376,745,5296295,335872.90909,0
1645820040000,0.06352,0.06354,0.06330,0.06335,4273764,1645820099999,271053.90014,625,2271955,144136.78434,0
1645820100000,0.06336,0.06356,0.06327,0.06355,3448533,1645820159999,218585.44042,698,2358166,149516.16437,0
1645820160000,0.06355,0.06381,0.06345,0.06365,10303773,1645820219999,656146.53599,1722,6025366,383733.52971,0
1645820220000,0.06366,0.06368,0.06328,0.06329,4985218,1645820279999,316352.27493,784,1369839,86923.17448,0
1645820280000,0.06330,0.06341,0.06321,0.06333,2955462,1645820339999,187152.09660,573,1463406,92683.67191,0
1645820340000,0.06333,0.06333,0.06319,0.06324,3397226,1645820399999,214882.15729,594,1503790,95120.61827,0
1645820400000,0.06322,0.06339,0.06320,0.06332,2434535,1645820459999,154105.24745,461,1585355,100357.81870,0
1645820460000,0.06332,0.06335,0.06312,0.06313,5234379,1645820519999,330853.36219,634,1467978,92825.73854,0
1645820520000,0.06312,0.06323,0.06308,0.06310,5897401,1645820579999,372438.03729,831,2747140,173524.29384,0
1645820580000,0.06310,0.06323,0.06295,0.06314,4764759,1645820639999,300540.38676,914,2457440,155050.55947,0
1645820640000,0.06313,0.06334,0.06307,0.06322,5104446,1645820699999,322544.93275,873,3316860,209627.85365,0
1645820700000,0.06320,0.06330,0.06310,0.06317,3594671,1645820759999,227197.08167,615,1881093,118916.94344,0
1645820760000,0.06316,0.06321,0.06278,0.06281,7067841,1645820819999,445227.32179,1210,3357592,211571.71005,0
1645820820000,0.06281,0.06282,0.06261,0.06269,8639564,1645820879999,541884.32551,1257,3095424,194237.41444,0
1645820880000,0.06270,0.06301,0.06259,0.06297,11425469,1645820939999,716883.74569,1573,5879886,369167.71765,0
1645820940000,0.06299,0.06320,0.06297,0.06303,9307243,1645820999999,586877.93200,1185,2973201,187568.41287,0
1645821000000,0.06304,0.06307,0.06286,0.06303,5908161,1645821059999,372160.80506,908,2743790,172880.66933,0
1645821060000,0.06303,0.06342,0.06301,0.06335,10784652,1645821119999,681641.31815,1343,7804777,493452.36455,0
1645821120000,0.06335,0.06348,0.06315,0.06324,5934836,1645821179999,375916.95816,1026,2662347,168694.18519,0
1645821180000,0.06323,0.06333,0.06321,0.06325,3784666,1645821239999,239416.38209,505,1472947,93194.50902,0
1645821240000,0.06325,0.06327,0.06311,0.06320,3179551,1645821299999,200908.28324,566,1495350,94496.18189,0
1645821300000,0.06320,0.06326,0.06315,0.06316,3519662,1645821359999,222422.39109,559,1557755,98454.02889,0
1645821360000,0.06317,0.06337,0.06317,0.06337,3648861,1645821419999,230899.24239,491,2864497,181280.87826,0
1645821420000,0.06336,0.06380,0.06336,0.06355,9648686,1645821479999,613524.12665,1508,6277828,399209.22559,0
1645821480000,0.06354,0.06386,0.06348,0.06374,5651139,1645821539999,359861.19607,926,3608875,229850.46103,0
1645821540000,0.06375,0.06390,0.06364,0.06370,5681082,1645821599999,362214.44916,1093,3494516,222842.02113,0
1645821600000,0.06371,0.06389,0.06368,0.06380,3673532,1645821659999,234371.67813,718,1838815,117320.52579,0
1645821660000,0.06380,0.06389,0.06371,0.06389,3236533,1645821719999,206504.23814,735,1483783,94694.51416,0
1645821720000,0.06386,0.06388,0.06365,0.06373,4080262,1645821779999,259984.43918,770,1796419,114475.50967,0
1645821780000,0.06372,0.06429,0.06366,0.06420,12756103,1645821839999,816364.46771,1891,9185796,587813.63570,0
1645821840000,0.06419,0.06421,0.06386,0.06393,7998752,1645821899999,512040.24560,1188,2725533,174423.03020,0
1645821900000,0.06394,0.06408,0.06390,0.06400,3481873,1645821959999,222764.45568,679,1620172,103668.94867,0
1645821960000,0.06399,0.06426,0.06399,0.06408,5499272,1645822019999,352648.40549,1111,3426985,219764.27499,0
1645822020000,0.06407,0.06417,0.06406,0.06410,3802263,1645822079999,243763.29301,695,1335950,85670.46635,0
1645822080000,0.06408,0.06420,0.06406,0.06414,3542853,1645822139999,227188.97463,776,1666746,106893.32027,0
1645822140000,0.06413,0.06418,0.06400,0.06413,4150461,1645822199999,266087.85233,853,1927020,123556.25457,0
1645822200000,0.06413,0.06445,0.06405,0.06429,10639340,1645822259999,683691.64860,1698,6021369,387044.42975,0
1645822260000,0.06429,0.06467,0.06425,0.06439,11320556,1645822319999,729789.39674,1829,7408444,477669.79322,0
1645822320000,0.06439,0.06457,0.06429,0.06439,6067553,1645822379999,390828.81723,1066,3029534,195205.17006,0
1645822380000,0.06438,0.06441,0.06418,0.06419,4737447,1645822439999,304524.47870,944,1904037,122416.11790,0
1645822440000,0.06420,0.06425,0.06400,0.06412,4705704,1645822499999,301658.17960,920,1799436,115373.27819,0
1645822500000,0.06412,0.06415,0.06400,0.06406,4422120,1645822559999,283362.66271,785,1904991,122066.87006,0
1645822560000,0.06406,0.06407,0.06383,0.06397,6360046,1645822619999,406905.31755,1164,2399897,153533.22534,0
1645822620000,0.06397,0.06408,0.06384,0.06408,3688628,1645822679999,235826.89199,690,2251939,143994.80773,0
1645822680000,0.06408,0.06430,0.06404,0.06419,4069145,1645822739999,261057.60022,749,2244601,144026.02872,0
1645822740000,0.06419,0.06439,0.06413,0.06421,7381444,1645822799999,474342.36665,962,3015998,193847.74552,0
1645822800000,0.06421,0.06432,0.06398,0.06406,5675229,1645822859999,364093.69620,1072,2554318,163942.35444,0
1645822860000,0.06403,0.06412,0.06383,0.06412,5215001,1645822919999,333558.54620,995,3012413,192750.00796,0
1645822920000,0.06412,0.06413,0.06375,0.06375,6171008,1645822979999,394331.67283,985,1791493,114457.56660,0
1645822980000,0.06378,0.06400,0.06377,0.06397,3572575,1645823039999,228257.62455,643,2563559,163781.38758,0
1645823040000,0.06398,0.06404,0.06390,0.06391,3032502,1645823099999,194024.30696,464,1321607,84569.61586,0
1645823100000,0.06391,0.06404,0.06390,0.06396,2496541,1645823159999,159729.72334,490,1293229,82761.01848,0
1645823160000,0.06397,0.06435,0.06396,0.06432,4052537,1645823219999,259940.21128,748,3362543,215699.71871,0
1645823220000,0.06432,0.06440,0.06414,0.06439,4460719,1645823279999,286892.71557,839,2535308,163090.80755,0
1645823280000,0.06438,0.06444,0.06425,0.06433,4678398,1645823339999,301035.40506,828,2377193,152995.15812,0
1645823340000,0.06431,0.06442,0.06423,0.06438,4320937,1645823399999,277887.85657,742,2656630,170895.47872,0
1645823400000,0.06439,0.06464,0.06437,0.06442,5828952,1645823459999,375943.30729,1013,3418963,220541.25620,0
1645823460000,0.06442,0.06448,0.06438,0.06444,2676534,1645823519999,172445.09397,533,1261291,81277.16346,0
1645823520000,0.06442,0.06460,0.06442,0.06455,5603081,1645823579999,361439.40598,707,2832096,182712.59428,0
1645823580000,0.06454,0.06494,0.06443,0.06479,10831443,1645823639999,700428.54490,1341,6957679,450040.73758,0
1645823640000,0.06477,0.06606,0.06476,0.06579,45508727,1645823699999,2981401.59315,7130,31630162,2071596.07799,0
1645823700000,0.06578,0.06604,0.06540,0.06557,19860383,1645823759999,1304867.76254,3313,9005537,591802.46896,0
1645823760000,0.06559,0.06650,0.06547,0.06639,20324256,1645823819999,1339893.99821,3421,13446755,887287.03814,0
1645823820000,0.06635,0.06676,0.06603,0.06610,29168296,1645823879999,1938521.27695,4785,15965122,1061976.88707,0
1645823880000,0.06605,0.06620,0.06583,0.06616,13621765,1645823939999,899462.57658,2071,6863109,453308.60747,0
1645823940000,0.06616,0.06617,0.06587,0.06592,6220702,1645823999999,410611.03220,1272,2476524,163478.49061,0
1645824000000,0.06593,0.06614,0.06571,0.06614,10439118,1645824059999,687677.59002,1714,6259915,412553.91119,0
1645824060000,0.06611,0.06629,0.06586,0.06600,8282399,1645824119999,546989.42249,1376,3429678,226508.91539,0
1645824120000,0.06600,0.06604,0.06566,0.06585,7775635,1645824179999,511888.21389,1354,2498445,164488.91552,0
1645824180000,0.06586,0.06617,0.06570,0.06611,6316692,1645824239999,416253.68788,1268,3320834,218938.53798,0
1645824240000,0.06611,0.06611,0.06563,0.06572,7611246,1645824299999,501113.78775,1338,2794313,183898.84189,0
1645824300000,0.06572,0.06588,0.06562,0.06585,5379266,1645824359999,353619.77330,1047,2478009,162945.36002,0
1645824360000,0.06585,0.06588,0.06557,0.06581,6728759,1645824419999,442460.02522,977,3404831,223905.54161,0
1645824420000,0.06580,0.06604,0.06563,0.06601,6068869,1645824479999,399360.49699,1071,2925876,192712.02729,0
1645824480000,0.06599,0.06642,0.06580,0.06639,10010478,1645824539999,662123.37395,1664,5691045,376580.80298,0
1645824540000,0.06640,0.06644,0.06610,0.06626,11438508,1645824599999,758225.14381,1498,3834535,254064.76907,0
1645824600000,0.06626,0.06634,0.06597,0.06608,7138345,1645824659999,472289.95920,1077,2427006,160647.48071,0
1645824660000,0.06611,0.06625,0.06586,0.06587,8400693,1645824719999,554353.03371,1371,4056210,267656.98306,0
1645824720000,0.06587,0.06590,0.06525,0.06557,15764239,1645824779999,1034012.83858,2285,5420277,355759.34085,0
1645824780000,0.06557,0.06569,0.06520,0.06540,13823750,1645824839999,903836.81187,2391,5553641,363179.74875,0
1645824840000,0.06538,0.06543,0.06511,0.06529,11260292,1645824899999,734572.77673,1898,4279306,279244.40524,0
1645824900000,0.06528,0.06551,0.06528,0.06541,7877802,1645824959999,515120.69484,1360,4557155,298041.38978,0
1645824960000,0.06540,0.06559,0.06530,0.06536,6103190,1645825019999,399144.17592,1109,3063250,200387.27250,0
1645825020000,0.06536,0.06542,0.06514,0.06521,5218082,1645825079999,340622.99558,1069,2237850,146108.26456,0
1645825080000,0.06524,0.06531,0.06521,0.06530,3254911,1645825139999,212452.42737,687,1784007,116457.05916,0
1645825140000,0.06531,0.06534,0.06503,0.06507,5829591,1645825199999,379976.72087,987,2204787,143745.31997,0
1645825200000,0.06507,0.06527,0.06493,0.06511,5642141,1645825259999,367303.98262,1174,2643509,172158.83000,0
1645825260000,0.06511,0.06529,0.06502,0.06529,3164235,1645825319999,206199.04242,738,2094374,136522.43953,0
1645825320000,0.06527,0.06541,0.06515,0.06518,3554411,1645825379999,232182.27977,728,2024464,132285.37799,0
1645825380000,0.06518,0.06539,0.06505,0.06510,8051836,1645825439999,525078.22444,1105,3397361,221585.53998,0
1645825440000,0.06507,0.06511,0.06481,0.06508,11546216,1645825499999,749876.83127,1733,6666674,432961.67679,0
1645825500000,0.06508,0.06522,0.06489,0.06507,4402078,1645825559999,286485.74914,903,2343180,152537.12336,0
1645825560000,0.06505,0.06507,0.06489,0.06492,3894279,1645825619999,252970.60466,795,1152053,74849.05161,0
1645825620000,0.06491,0.06496,0.06475,0.06493,5074190,1645825679999,329118.06150,1054,1842476,119550.98358,0
1645825680000,0.06493,0.06499,0.06466,0.06467,7752223,1645825739999,502694.08410,1063,2860530,185592.45026,0
1645825740000,0.06468,0.06493,0.06463,0.06490,4183198,1645825799999,270906.53365,911,2442385,158201.65224,0
1645825800000,0.06490,0.06505,0.06472,0.06478,5665275,1645825859999,367702.30091,1013,2757344,179026.26763,0
1645825860000,0.06476,0.06507,0.06474,0.06505,2673951,1645825919999,173617.14397,625,1695654,110067.82715,0
1645825920000,0.06504,0.06511,0.06498,0.06509,2329410,1645825979999,151491.69983,544,1529775,99500.62705,0
1645825980000,0.06509,0.06516,0.06504,0.06506,3302094,1645826039999,214960.92568,623,2088013,135942.38758,0
1645826040000,0.06507,0.06508,0.06493,0.06501,2556462,1645826099999,166118.97347,555,1270403,82552.44161,0
1645826100000,0.06500,0.06521,0.06494,0.06519,2664035,1645826159999,173333.80688,554,1996518,129928.53063,0
1645826160000,0.06519,0.06530,0.06509,0.06517,3402526,1645826219999,221830.29133,778,1900734,123953.62094,0
1645826220000,0.06518,0.06518,0.06482,0.06483,3840742,1645826279999,249480.02980,785,1229263,79836.83397,0
1645826280000,0.06484,0.06506,0.06483,0.06490,2631391,1645826339999,170902.28472,546,1511571,98166.57304,0
1645826340000,0.06490,0.06491,0.06463,0.06476,6702954,1645826399999,433929.07501,918,4047848,262030.10092,0
1645826400000,0.06473,0.06490,0.06467,0.06468,3204879,1645826459999,207591.45667,742,1632155,105763.42855,0
1645826460000,0.06469,0.06482,0.06467,0.06473,3661360,1645826519999,236950.11419,651,1869892,121041.32782,0
1645826520000,0.06474,0.06474,0.06421,0.06455,11757699,1645826579999,758140.00710,1763,2968459,191341.82152,0
1645826580000,0.06456,0.06462,0.06443,0.06453,3597202,1645826639999,232144.79594,634,1331103,85920.85732,0
1645826640000,0.06453,0.06460,0.06451,0.06458,3294767,1645826699999,212718.47444,445,2389868,154300.92637,0
1645826700000,0.06458,0.06466,0.06441,0.06442,4165587,1645826759999,268795.82962,608,1732360,111842.52725,0
1645826760000,0.06445,0.06454,0.06426,0.06453,5337515,1645826819999,343790.58567,908,3000194,193303.94022,0
1645826820000,0.06451,0.06475,0.06451,0.06463,3746160,1645826879999,242270.74373,694,2281834,147574.43622,0
1645826880000,0.06465,0.06471,0.06451,0.06455,2445956,1645826939999,158032.52777,499,963610,62284.23143,0
1645826940000,0.06453,0.06459,0.06444,0.06458,2536822,1645826999999,163635.23669,508,1209721,78050.91283,0
1645827000000,0.06457,0.06459,0.06429,0.06433,2485122,1645827059999,160113.67812,556,881709,56807.58068,0
1645827060000,0.06433,0.06450,0.06432,0.06447,2302285,1645827119999,148287.60909,481,1212428,78118.97413,0
1645827120000,0.06449,0.06452,0.06435,0.06446,4711087,1645827179999,303672.02026,725,2130632,137357.14568,0
1645827180000,0.06445,0.06450,0.06428,0.06436,7444269,1645827239999,479206.13015,779,5110955,328977.35246,0
1645827240000,0.06436,0.06442,0.06435,0.06438,1938716,1645827299999,124843.10185,418,1228211,79096.33274,0
1645827300000,0.06438,0.06449,0.06438,0.06447,1399741,1645827359999,90158.33474,377,879416,56649.92543,0
1645827360000,0.06447,0.06450,0.06434,0.06435,4840175,1645827419999,311887.05092,740,1956858,126124.96158,0
1645827420000,0.06436,0.06444,0.06435,0.06436,1972066,1645827479999,126968.78503,482,1038571,66879.12006,0
1645827480000,0.06435,0.06442,0.06435,0.06441,1648127,1645827539999,106117.29664,398,993465,63975.69073,0
1645827540000,0.06442,0.06448,0.06439,0.06441,2532571,1645827599999,163177.22436,578,1067293,68781.94007,0
1645827600000,0.06441,0.06445,0.06441,0.06443,1105327,1645827659999,71208.15819,393,625338,40290.55174,0
1645827660000,0.06443,0.06450,0.06442,0.06447,1670519,1645827719999,107671.92260,468,851535,54891.60854,0
1645827720000,0.06448,0.06456,0.06445,0.06452,3261679,1645827779999,210379.88915,638,2233134,144060.58298,0
1645827780000,0.06454,0.06489,0.06451,0.06485,7145786,1645827839999,462140.53692,1297,5260552,340183.39213,0
1645827840000,0.06484,0.06494,0.06474,0.06474,7190790,1645827899999,466335.49021,946,3640604,236158.58595,0
1645827900000,0.06475,0.06476,0.06463,0.06469,3415610,1645827959999,221035.16993,453,1454407,94129.77312,0
1645827960000,0.06468,0.06475,0.06464,0.06470,1836790,1645828019999,118842.89460,390,903716,58482.59664,0
1645828020000,0.06469,0.06474,0.06467,0.06470,1746693,1645828079999,113017.68775,362,684654,44308.26845,0
1645828080000,0.06470,0.06475,0.06462,0.06465,2810864,1645828139999,181827.97276,448,925125,59861.32869,0
1645828140000,0.06465,0.06466,0.06437,0.06438,5784469,1645828199999,373344.04989,750,2977321,192251.55720,0
1645828200000,0.06440,0.06449,0.06438,0.06444,2565032,1645828259999,165293.22613,448,1384065,89199.66475,0
1645828260000,0.06445,0.06455,0.06421,0.06425,7139396,1645828319999,459817.28749,918,2727441,175791.44127,0
1645828320000,0.06425,0.06432,0.06411,0.06416,6304658,1645828379999,404857.01780,1073,3206667,205985.16422,0
1645828380000,0.06416,0.06437,0.06414,0.06431,4193427,1645828439999,269419.90593,774,2882952,185216.61489,0
1645828440000,0.06429,0.06449,0.06429,0.06431,4490059,1645828499999,289100.49446,743,1896330,122115.31681,0
1645828500000,0.06432,0.06476,0.06430,0.06473,4490754,1645828559999,289952.67191,968,3146880,203152.29699,0
1645828560000,0.06473,0.06480,0.06461,0.06475,3845038,1645828619999,248814.78842,724,2006980,129896.93059,0
1645828620000,0.06475,0.06483,0.06463,0.06464,3087873,1645828679999,199931.47076,594,1276689,82683.75851,0
1645828680000,0.06464,0.06503,0.06461,0.06500,4944657,1645828739999,320749.83111,860,3141981,203850.99898,0
1645828740000,0.06500,0.06533,0.06500,0.06513,8141804,1645828799999,530569.08232,1419,4748586,309424.61738,0
1645828800000,0.06513,0.06550,0.06512,0.06525,7040466,1645828859999,460038.40862,1157,4150373,271199.93728,0
1645828860000,0.06525,0.06578,0.06519,0.06559,11047146,1645828919999,723857.90142,1854,6609699,433119.76027,0
1645828920000,0.06563,0.06565,0.06552,0.06557,5223422,1645828979999,342536.12371,935,2498623,163888.50434,0
1645828980000,0.06555,0.06575,0.06555,0.06560,4777225,1645829039999,313695.12983,930,2371015,155699.80064,0
1645829040000,0.06562,0.06616,0.06539,0.06616,17511124,1645829099999,1150188.01526,2317,10038060,660258.20822,0
1645829100000,0.06614,0.06721,0.06606,0.06673,35833904,1645829159999,2391096.76944,5903,22130576,1477392.92170,0
1645829160000,0.06674,0.06697,0.06661,0.06681,15170371,1645829219999,1012694.66275,2431,7250925,484275.39300,0
1645829220000,0.06679,0.06706,0.06637,0.06700,12166929,1645829279999,811474.16034,2284,5969667,398412.99052,0
1645829280000,0.06699,0.06850,0.06691,0.06818,51502102,1645829339999,3490978.06501,8913,33562582,2275880.55604,0
1645829340000,0.06820,0.06820,0.06767,0.06773,14502226,1645829399999,985097.55668,2274,5632456,382732.25716,0
1645829400000,0.06774,0.06817,0.06767,0.06771,11563372,1645829459999,784991.23931,1951,5435935,369027.94523,0
1645829460000,0.06771,0.06774,0.06745,0.06762,7918051,1645829519999,535283.03962,1759,3419762,231229.24528,0
1645829520000,0.06763,0.06765,0.06734,0.06745,7972821,1645829579999,538110.48285,1627,3600728,243062.90327,0
1645829580000,0.06745,0.06761,0.06741,0.06742,5944776,1645829639999,401309.43351,1250,3275322,221150.11797,0
1645829640000,0.06741,0.06798,0.06731,0.06798,6771081,1645829699999,457515.88195,1356,4428591,299454.66710,0
1645829700000,0.06798,0.06815,0.06764,0.06799,11852255,1645829759999,805330.15357,2352,6204703,421687.77194,0
1645829760000,0.06799,0.06824,0.06783,0.06824,8185437,1645829819999,556176.86451,1716,4248075,288823.64201,0
1645829820000,0.06824,0.06937,0.06817,0.06882,40404145,1645829879999,2782527.69940,6064,25841174,1779937.96784,0
1645829880000,0.06884,0.06884,0.06822,0.06851,14127397,1645829939999,968302.20900,2485,6783390,464942.31050,0
1645829940000,0.06849,0.06863,0.06832,0.06840,11485572,1645829999999,786489.36425,1338,6058852,414920.53420,0
1645830000000,0.06840,0.06849,0.06789,0.06823,11827573,1645830059999,806132.80011,2107,5418472,369347.76983,0
1645830060000,0.06825,0.06865,0.06809,0.06856,13972733,1645830119999,956359.52194,2307,7944074,543650.98512,0
1645830120000,0.06857,0.06949,0.06856,0.06932,25250344,1645830179999,1745712.92520,4346,15796690,1092092.46163,0
1645830180000,0.06932,0.06934,0.06874,0.06889,13130248,1645830239999,905275.33473,2201,4745541,327127.85792,0
1645830240000,0.06887,0.06889,0.06836,0.06837,9807159,1645830299999,673850.69172,1748,3651222,250995.80143,0
1645830300000,0.06837,0.06862,0.06808,0.06852,12287343,1645830359999,839764.04982,2177,5738463,392314.53261,0
1645830360000,0.06853,0.06862,0.06820,0.06842,12282127,1645830419999,840345.81114,1636,4409032,301674.67619,0
1645830420000,0.06843,0.06844,0.06789,0.06813,12481251,1645830479999,849769.74301,2198,4919158,334913.41485,0
1645830480000,0.06810,0.06812,0.06767,0.06776,11680138,1645830539999,792780.32249,2140,4734315,321436.17634,0
1645830540000,0.06777,0.06785,0.06760,0.06769,10076145,1645830599999,682245.60131,1778,4785747,324167.33249,0
1645830600000,0.06769,0.06841,0.06757,0.06828,11916451,1645830659999,808678.71847,2043,7512163,509998.83730,0
1645830660000,0.06826,0.06854,0.06798,0.06841,12914269,1645830719999,881990.10157,1985,7198329,491698.18168,0
1645830720000,0.06840,0.06926,0.06835,0.06894,19086770,1645830779999,1312728.08204,2999,10163862,698868.52803,0
1645830780000,0.06897,0.06975,0.06886,0.06935,37270703,1645830839999,2586551.20011,4580,21749321,1509537.69451,0
1645830840000,0.06933,0.06966,0.06933,0.06954,12976150,1645830899999,901769.43510,2208,6291686,437337.15546,0
1645830900000,0.06954,0.06956,0.06887,0.06902,14419430,1645830959999,997268.29246,2379,5036633,348347.69357,0
1645830960000,0.06901,0.07063,0.06896,0.06984,45695272,1645831019999,3197700.64899,7258,29416192,2058690.69058,0
1645831020000,0.06986,0.07020,0.06978,0.06989,16999959,1645831079999,1189906.96757,2697,9367860,655892.40726,0
1645831080000,0.06990,0.07020,0.06952,0.06970,14792523,1645831139999,1033354.33758,2163,6766612,472996.94881,0
1645831140000,0.06970,0.07002,0.06956,0.06978,10066207,1645831199999,702479.83357,1651,5808126,405531.38927,0
1645831200000,0.06976,0.07016,0.06945,0.06957,16606421,1645831259999,1160179.29851,2425,8755571,612127.52504,0
1645831260000,0.06958,0.07005,0.06955,0.06961,14194680,1645831319999,991006.60256,2543,8248401,576057.46109,0
1645831320000,0.06958,0.07016,0.06952,0.06978,16092352,1645831379999,1124387.71204,2534,9312777,650808.92094,0
1645831380000,0.06975,0.06991,0.06915,0.06948,15704932,1645831439999,1089905.84730,2627,7374506,511842.42516,0
1645831440000,0.06948,0.06957,0.06915,0.06918,8588648,1645831499999,596066.07100,1394,3452481,239737.68754,0
1645831500000,0.06917,0.06952,0.06903,0.06923,10141377,1645831559999,702261.84224,1827,5413404,374960.06311,0
1645831560000,0.06922,0.06950,0.06918,0.06934,7378802,1645831619999,511501.90732,1093,5142244,356479.42922,0
1645831620000,0.06934,0.06968,0.06918,0.06959,8404375,1645831679999,582990.31509,1284,4063638,282099.28012,0
1645831680000,0.06963,0.06964,0.06903,0.06937,14278784,1645831739999,988918.32952,1874,8581852,594155.77866,0
1645831740000,0.06937,0.06947,0.06912,0.06939,5768842,1645831799999,399750.78035,1237,3346936,231977.99147,0
1645831800000,0.06941,0.06950,0.06909,0.06926,7162942,1645831859999,496409.38668,1414,3078737,213437.74085,0
1645831860000,0.06927,0.06965,0.06882,0.06909,19948909,1645831919999,1380266.49122,2886,10419433,721345.65191,0
1645831920000,0.06910,0.06917,0.06850,0.06860,12926662,1645831979999,888743.30452,2142,5108831,351376.35096,0
1645831980000,0.06861,0.06910,0.06861,0.06882,6849960,1645832039999,471988.03937,1354,4387914,302318.28662,0
1645832040000,0.06882,0.06933,0.06876,0.06909,6525857,1645832099999,450569.15942,1340,4362819,301311.55451,0
1645832100000,0.06908,0.06915,0.06889,0.06892,5096428,1645832159999,351915.48400,959,2590086,178900.61258,0
1645832160000,0.06892,0.06892,0.06850,0.06876,7209759,1645832219999,495393.77889,1392,2984573,205103.27111,0
1645832220000,0.06877,0.06886,0.06855,0.06867,4261796,1645832279999,292698.52489,887,1957946,134521.72591,0
1645832280000,0.06868,0.06874,0.06842,0.06861,8793916,1645832339999,603039.15309,1610,4729224,324383.72846,0
1645832340000,0.06862,0.06892,0.06854,0.06877,5610653,1645832399999,385572.29977,1122,3505141,240901.28586,0
1645832400000,0.06878,0.06900,0.06865,0.06867,4701192,1645832459999,323512.62769,860,2311532,159149.07175,0
1645832460000,0.06866,0.06872,0.06853,0.06859,4047090,1645832519999,277695.97880,830,2125974,145905.58914,0
1645832520000,0.06859,0.06875,0.06851,0.06866,4019509,1645832579999,275870.61433,713,2062081,141541.67961,0
1645832580000,0.06867,0.06878,0.06854,0.06861,4673473,1645832639999,320951.47298,653,1508505,103592.39933,0
1645832640000,0.06861,0.06865,0.06840,0.06845,6607074,1645832699999,452770.99817,1225,2937899,201401.86272,0
1645832700000,0.06844,0.06923,0.06833,0.06899,13522700,1645832759999,931094.37327,2355,8133741,560227.95303,0
1645832760000,0.06897,0.06905,0.06879,0.06890,7265436,1645832819999,500724.10763,1388,3147630,216997.83737,0
1645832820000,0.06890,0.06916,0.06880,0.06893,8210643,1645832879999,566087.82361,1340,4271045,294528.54092,0
1645832880000,0.06893,0.06909,0.06888,0.06891,6605155,1645832939999,455691.23543,1190,3343926,230755.81278,0
1645832940000,0.06891,0.06916,0.06889,0.06896,4922595,1645832999999,339854.87353,965,2762505,190754.40681,0
1645833000000,0.06894,0.06908,0.06888,0.06898,4468705,1645833059999,308226.34036,838,2203846,152035.83669,0
1645833060000,0.06898,0.06901,0.06860,0.06884,7074719,1645833119999,486841.27522,1339,2246090,154611.08590,0
1645833120000,0.06882,0.06893,0.06869,0.06878,3827662,1645833179999,263322.94967,993,1354863,93227.37931,0
1645833180000,0.06878,0.06950,0.06878,0.06948,10254094,1645833239999,708878.26121,1710,5923093,409590.16887,0
1645833240000,0.06950,0.06965,0.06930,0.06948,7960016,1645833299999,553082.98261,1474,4248109,295262.30836,0
1645833300000,0.06945,0.07011,0.06942,0.06979,12567788,1645833359999,877402.12779,2296,8668319,605346.87601,0
1645833360000,0.06978,0.06979,0.06913,0.06926,8021995,1645833419999,557242.97201,1497,3268804,227104.30173,0
1645833420000,0.06921,0.06982,0.06921,0.06977,5481562,1645833479999,381023.28424,1103,3783798,263028.16357,0
1645833480000,0.06975,0.06988,0.06951,0.06951,9014117,1645833539999,628527.80572,1446,4015751,280161.75463,0
1645833540000,0.06956,0.06965,0.06938,0.06946,10515317,1645833599999,730194.74708,1298,6903628,479363.46566,0
