1647216000000,0.07341,0.07347,0.07310,0.07311,746970,1647216059999,54775.93634,76,77619,5690.28367,0
1647216060000,0.07311,0.07320,0.07304,0.07304,268252,1647216119999,19611.59697,132,79096,5783.24618,0
1647216120000,0.07308,0.07312,0.07280,0.07281,714124,1647216179999,52087.26179,260,88832,6477.84058,0
1647216180000,0.07281,0.07284,0.07251,0.07258,970704,1647216239999,70490.12005,323,201749,14648.52996,0
1647216240000,0.07260,0.07280,0.07260,0.07268,223127,1647216299999,16223.52076,104,185917,13516.72182,0
1647216300000,0.07267,0.07272,0.07255,0.07255,189173,1647216359999,13736.66354,86,84103,6106.36528,0
1647216360000,0.07255,0.07260,0.07241,0.07246,588510,1647216419999,42669.46257,202,414629,30068.86965,0
1647216420000,0.07246,0.07259,0.07246,0.07249,98098,1647216479999,7112.94303,51,58824,4264.94722,0
1647216480000,0.07245,0.07249,0.07242,0.07248,169696,1647216539999,12295.46151,56,119633,8669.49159,0
1647216540000,0.07248,0.07260,0.07248,0.07256,151718,1647216599999,11003.75233,60,121086,8782.27958,0
1647216600000,0.07254,0.07257,0.07250,0.07252,54047,1647216659999,3920.23134,37,38772,2812.44146,0
1647216660000,0.07250,0.07250,0.07236,0.07245,225387,1647216719999,16318.63058,79,107208,7762.57025,0
1647216720000,0.07244,0.07251,0.07237,0.07243,144823,1647216779999,10490.68616,64,92063,6668.38342,0
1647216780000,0.07240,0.07240,0.07212,0.07218,754841,1647216839999,54526.57570,195,312228,22547.91523,0
1647216840000,0.07218,0.07218,0.07212,0.07215,111459,1647216899999,8043.12477,60,71874,5186.99704,0
1647216900000,0.07215,0.07248,0.07213,0.07245,233780,1647216959999,16896.60791,115,133079,9615.36683,0
1647216960000,0.07250,0.07264,0.07241,0.07259,300932,1647217019999,21831.60198,125,103069,7479.64209,0
1647217020000,0.07258,0.07264,0.07254,0.07256,310146,1647217079999,22514.79927,148,101804,7391.64285,0
1647217080000,0.07256,0.07259,0.07252,0.07255,110057,1647217139999,7985.34678,64,78567,5700.90079,0
1647217140000,0.07254,0.07268,0.07254,0.07256,145454,1647217199999,10563.40608,61,101664,7384.24826,0
1647217200000,0.07260,0.07261,0.07241,0.07245,64582,1647217259999,4683.74550,40,10344,749.65566,0
1647217260000,0.07244,0.07285,0.07235,0.07285,632438,1647217319999,45896.90499,190,484519,35163.62531,0
1647217320000,0.07282,0.07297,0.07266,0.07266,257052,1647217379999,18724.16806,89,132446,9657.85536,0
1647217380000,0.07265,0.07267,0.07262,0.07262,43380,1647217439999,3151.68564,30,7822,568.32153,0
1647217440000,0.07262,0.07270,0.07262,0.07268,16835,1647217499999,1223.43417,32,6434,467.57668,0
1647217500000,0.07263,0.07263,0.07256,0.07256,58807,1647217559999,4267.95358,30,44647,3240.11154,0
1647217560000,0.07256,0.07268,0.07255,0.07256,68882,1647217619999,5000.21490,59,13176,956.47089,0
1647217620000,0.07259,0.07261,0.07252,0.07261,50363,1647217679999,3654.94358,38,27033,1962.57374,0
1647217680000,0.07258,0.07261,0.07251,0.07251,47136,1647217739999,3419.35744,46,9819,712.22055,0
1647217740000,0.07250,0.07250,0.07220,0.07223,175510,1647217799999,12705.02034,62,5233,378.07376,0
1647217800000,0.07222,0.07240,0.07222,0.07227,256855,1647217859999,18556.35099,63,218043,15749.96957,0
1647217860000,0.07225,0.07233,0.07225,0.07232,179890,1647217919999,13001.89448,67,60585,4378.62851,0
1647217920000,0.07231,0.07237,0.07225,0.07225,221524,1647217979999,16016.78741,97,55897,4040.49696,0
1647217980000,0.07224,0.07225,0.07211,0.07214,249597,1647218039999,18012.94670,123,100200,7232.37485,0
1647218040000,0.07213,0.07214,0.07202,0.07203,451215,1647218099999,32508.36414,127,86634,6243.36875,0
1647218100000,0.07204,0.07207,0.07202,0.07204,287562,1647218159999,20711.96506,106,60470,4356.07995,0
1647218160000,0.07204,0.07205,0.07177,0.07191,1109640,1647218219999,79784.63147,338,235578,16939.15336,0
1647218220000,0.07190,0.07192,0.07184,0.07186,39777,1647218279999,2859.80737,31,23401,1682.46345,0
1647218280000,0.07185,0.07185,0.07165,0.07165,356116,1647218339999,25533.76662,112,101019,7242.75018,0
1647218340000,0.07167,0.07177,0.07165,0.07177,179529,1647218399999,12870.69292,127,119446,8564.51333,0
1647218400000,0.07177,0.07179,0.07167,0.07167,94813,1647218459999,6801.83001,64,33915,2434.19556,0
1647218460000,0.07165,0.07168,0.07161,0.07161,153056,1647218519999,10964.29453,63,100185,7175.86653,0
1647218520000,0.07161,0.07161,0.07155,0.07158,107584,1647218579999,7699.52242,53,64994,4651.75755,0
1647218580000,0.07160,0.07160,0.07147,0.07148,156449,1647218639999,11190.14040,79,88808,6351.65834,0
1647218640000,0.07148,0.07156,0.07145,0.07153,131984,1647218699999,9436.46274,62,87642,6266.56083,0
1647218700000,0.07153,0.07153,0.07126,0.07129,589358,1647218759999,42060.84649,156,58761,4194.13988,0
1647218760000,0.07132,0.07143,0.07128,0.07141,366887,1647218819999,26173.26283,121,255300,18213.30547,0
1647218820000,0.07141,0.07155,0.07141,0.07149,360310,1647218879999,25751.41326,221,273905,19576.34936,0
1647218880000,0.07149,0.07150,0.07139,0.07150,266672,1647218939999,19049.65206,96,177865,12704.85591,0
1647218940000,0.07148,0.07157,0.07147,0.07151,100152,1647218999999,7163.79596,42,67775,4847.70725,0
1647219000000,0.07149,0.07156,0.07136,0.07136,180944,1647219059999,12932.40336,78,84554,6045.64429,0
1647219060000,0.07136,0.07168,0.07136,0.07163,613422,1647219119999,43881.32434,176,491525,35159.25829,0
1647219120000,0.07162,0.07163,0.07147,0.07158,232356,1647219179999,16631.10739,71,150729,10792.04053,0
1647219180000,0.07158,0.07163,0.07157,0.07161,103361,1647219239999,7399.87400,49,72282,5175.08854,0
1647219240000,0.07159,0.07160,0.07154,0.07160,108599,1647219299999,7772.16000,63,77357,5536.30718,0
1647219300000,0.07162,0.07163,0.07155,0.07159,48722,1647219359999,3488.05492,34,20056,1435.87995,0
1647219360000,0.07161,0.07187,0.07161,0.07185,536330,1647219419999,38463.09999,167,334561,23999.77483,0
1647219420000,0.07185,0.07214,0.07179,0.07214,591725,1647219479999,42597.80859,193,543925,39162.18019,0
1647219480000,0.07209,0.07213,0.07177,0.07178,536419,1647219539999,38588.67730,169,46904,3369.66162,0
1647219540000,0.07176,0.07176,0.07157,0.07159,720560,1647219599999,51642.13891,142,293370,21014.67918,0
1647219600000,0.07162,0.07183,0.07155,0.07182,190151,1647219659999,13627.67375,101,89747,6434.55874,0
1647219660000,0.07184,0.07210,0.07180,0.07210,334035,1647219719999,24051.27778,164,184211,13261.89574,0
1647219720000,0.07206,0.07260,0.07206,0.07246,1046375,1647219779999,75751.43507,340,671377,48580.69891,0
1647219780000,0.07249,0.07250,0.07235,0.07239,98921,1647219839999,7162.80105,83,30856,2235.34703,0
1647219840000,0.07242,0.07248,0.07239,0.07246,129419,1647219899999,9373.08073,61,32710,2369.55936,0
1647219900000,0.07245,0.07246,0.07233,0.07241,111326,1647219959999,8062.15640,54,70817,5128.60016,0
1647219960000,0.07244,0.07270,0.07232,0.07268,554949,1647220019999,40254.09013,183,466107,33813.62856,0
1647220020000,0.07265,0.07276,0.07264,0.07276,278415,1647220079999,20243.13129,70,83634,6082.54905,0
1647220080000,0.07274,0.07287,0.07268,0.07287,237116,1647220139999,17261.70258,95,106142,7729.82079,0
1647220140000,0.07288,0.07292,0.07270,0.07270,261038,1647220199999,19011.28301,112,55151,4017.48783,0
1647220200000,0.07268,0.07271,0.07256,0.07260,142147,1647220259999,10320.78643,64,46377,3366.97993,0
1647220260000,0.07260,0.07262,0.07249,0.07254,55550,1647220319999,4029.01817,36,11104,806.01389,0
1647220320000,0.07253,0.07254,0.07247,0.07248,196745,1647220379999,14265.41781,58,69272,5021.53165,0
1647220380000,0.07249,0.07275,0.07246,0.07252,570104,1647220439999,41386.38761,126,187111,13589.00341,0
1647220440000,0.07254,0.07257,0.07252,0.07252,78344,1647220499999,5683.71348,32,15921,1155.21113,0
1647220500000,0.07253,0.07253,0.07233,0.07233,207200,1647220559999,15013.55019,70,89351,6476.59835,0
1647220560000,0.07233,0.07241,0.07215,0.07219,396441,1647220619999,28646.48462,145,91183,6597.81825,0
1647220620000,0.07220,0.07222,0.07215,0.07218,96852,1647220679999,6991.52068,62,48908,3531.14786,0
1647220680000,0.07219,0.07222,0.07215,0.07218,194932,1647220739999,14071.77798,80,50158,3621.06487,0
1647220740000,0.07219,0.07222,0.07215,0.07216,40758,1647220799999,2942.63206,30,11724,846.39959,0
1647220800000,0.07216,0.07220,0.07216,0.07220,18444,1647220859999,1331.33979,20,13314,960.97001,0
1647220860000,0.07220,0.07232,0.07220,0.07226,123844,1647220919999,8948.20108,41,110874,8010.64334,0
1647220920000,0.07228,0.07235,0.07221,0.07232,171014,1647220979999,12363.57703,64,165105,11936.29994,0
1647220980000,0.07231,0.07232,0.07222,0.07225,78883,1647221039999,5699.93426,45,61190,4420.69769,0
1647221040000,0.07221,0.07222,0.07215,0.07220,66900,1647221099999,4829.13155,43,37637,2716.85487,0
1647221100000,0.07220,0.07224,0.07210,0.07214,137385,1647221159999,9917.04470,40,68886,4971.45248,0
1647221160000,0.07211,0.07229,0.07211,0.07229,101911,1647221219999,7360.58834,37,91294,6594.20611,0
1647221220000,0.07224,0.07225,0.07220,0.07225,46636,1647221279999,3368.55658,29,28636,2068.29435,0
1647221280000,0.07222,0.07225,0.07213,0.07213,56522,1647221339999,4080.97830,36,42172,3045.05512,0
1647221340000,0.07213,0.07223,0.07213,0.07221,144874,1647221399999,10456.33117,33,74318,5362.33355,0
1647221400000,0.07220,0.07220,0.07212,0.07218,20278,1647221459999,1463.38526,22,18916,1365.11297,0
1647221460000,0.07218,0.07226,0.07201,0.07209,350903,1647221519999,25306.61981,113,130815,9435.25154,0
1647221520000,0.07209,0.07217,0.07206,0.07210,124458,1647221579999,8974.47476,44,55338,3990.93315,0
1647221580000,0.07212,0.07218,0.07212,0.07215,87173,1647221639999,6289.40694,31,39612,2858.00999,0
1647221640000,0.07209,0.07214,0.07205,0.07206,103300,1647221699999,7448.48961,39,37102,2675.73655,0
1647221700000,0.07206,0.07207,0.07202,0.07204,31332,1647221759999,2257.32844,26,13731,989.34502,0
1647221760000,0.07206,0.07206,0.07192,0.07192,147904,1647221819999,10647.27872,35,25011,1799.98179,0
1647221820000,0.07190,0.07190,0.07173,0.07177,340209,1647221879999,24421.38000,89,79731,5725.00292,0
1647221880000,0.07176,0.07189,0.07176,0.07181,171387,1647221939999,12306.40500,35,99748,7160.92249,0
1647221940000,0.07180,0.07185,0.07172,0.07177,143855,1647221999999,10321.30536,32,119821,8596.10162,0
1647222000000,0.07174,0.07184,0.07168,0.07168,129068,1647222059999,9257.29251,49,25684,1843.29630,0
1647222060000,0.07169,0.07174,0.07163,0.07167,172338,1647222119999,12354.16256,42,123862,8880.08468,0
1647222120000,0.07164,0.07181,0.07163,0.07175,227970,1647222179999,16348.35162,64,202386,14513.09146,0
1647222180000,0.07175,0.07189,0.07173,0.07185,152867,1647222239999,10977.11588,59,134220,9639.17965,0
1647222240000,0.07186,0.07191,0.07185,0.07191,102646,1647222299999,7377.01425,21,21007,1509.63963,0
1647222300000,0.07191,0.07201,0.07191,0.07193,146477,1647222359999,10544.76833,44,40296,2899.25634,0
1647222360000,0.07190,0.07190,0.07174,0.07183,273301,1647222419999,19618.94012,83,123703,8879.91034,0
1647222420000,0.07183,0.07183,0.07174,0.07179,34782,1647222479999,2496.15343,32,14074,1009.96323,0
1647222480000,0.07175,0.07188,0.07174,0.07187,54240,1647222539999,3894.68307,37,40918,2938.60745,0
1647222540000,0.07186,0.07186,0.07179,0.07179,38239,1647222599999,2747.50362,17,751,53.93682,0
1647222600000,0.07178,0.07201,0.07177,0.07193,195958,1647222659999,14097.38726,42,100882,7256.33026,0
1647222660000,0.07197,0.07200,0.07188,0.07192,100439,1647222719999,7226.15880,38,27458,1974.97334,0
1647222720000,0.07193,0.07198,0.07193,0.07198,10776,1647222779999,775.31998,11,9691,697.24338,0
1647222780000,0.07198,0.07205,0.07198,0.07200,12888,1647222839999,928.01595,25,10046,723.33917,0
1647222840000,0.07203,0.07204,0.07193,0.07195,39134,1647222899999,2816.84430,33,5966,429.26945,0
1647222900000,0.07195,0.07198,0.07191,0.07193,58769,1647222959999,4227.33931,30,6450,464.08952,0
1647222960000,0.07193,0.07194,0.07190,0.07191,22909,1647223019999,1647.54571,29,3378,242.90825,0
1647223020000,0.07189,0.07198,0.07189,0.07198,35652,1647223079999,2564.51071,29,34403,2474.68715,0
1647223080000,0.07198,0.07204,0.07193,0.07193,72483,1647223139999,5219.51861,27,5514,396.75593,0
1647223140000,0.07193,0.07193,0.07183,0.07185,330694,1647223199999,23774.11665,47,134959,9698.26151,0
1647223200000,0.07188,0.07190,0.07172,0.07174,33460,1647223259999,2402.91106,39,6128,440.34606,0
1647223260000,0.07174,0.07181,0.07173,0.07177,55541,1647223319999,3986.84963,46,43061,3091.07334,0
1647223320000,0.07178,0.07189,0.07168,0.07169,286751,1647223379999,20573.11418,103,86732,6227.15035,0
1647223380000,0.07168,0.07187,0.07167,0.07180,77245,1647223439999,5541.78755,50,52072,3734.52181,0
1647223440000,0.07180,0.07185,0.07176,0.07185,34661,1647223499999,2488.82407,28,25610,1838.94157,0
1647223500000,0.07183,0.07186,0.07177,0.07186,48492,1647223559999,3482.47098,36,39260,2819.28637,0
1647223560000,0.07182,0.07183,0.07177,0.07177,14395,1647223619999,1033.64553,22,5491,394.28170,0
1647223620000,0.07178,0.07184,0.07178,0.07183,34323,1647223679999,2464.41482,33,21916,1573.20904,0
1647223680000,0.07180,0.07184,0.07179,0.07184,40149,1647223739999,2883.44001,49,30378,2181.74736,0
1647223740000,0.07181,0.07182,0.07180,0.07182,15143,1647223799999,1087.39213,20,8934,641.55208,0
1647223800000,0.07181,0.07183,0.07180,0.07180,37459,1647223859999,2690.16271,25,10963,787.25234,0
1647223860000,0.07180,0.07201,0.07180,0.07195,52344,1647223919999,3766.77395,35,24261,1745.74317,0
1647223920000,0.07198,0.07204,0.07195,0.07198,73233,1647223979999,5272.42760,34,41731,3004.64803,0
1647223980000,0.07196,0.07197,0.07189,0.07191,66644,1647224039999,4794.07067,39,17928,1289.91792,0
1647224040000,0.07191,0.07198,0.07191,0.07196,66127,1647224099999,4758.97890,22,0,0.00000,0
1647224100000,0.07191,0.07200,0.07187,0.07197,221044,1647224159999,15899.18970,77,218474,15714.42539,0
1647224160000,0.07197,0.07205,0.07197,0.07199,54040,1647224219999,3892.34110,40,16618,1197.10183,0
1647224220000,0.07200,0.07200,0.07195,0.07197,56927,1647224279999,4097.16546,42,9009,648.37773,0
1647224280000,0.07203,0.07205,0.07201,0.07205,30225,1647224339999,2177.20733,25,10388,748.41907,0
1647224340000,0.07201,0.07201,0.07188,0.07188,303515,1647224399999,21842.00098,79,27543,1981.33086,0
1647224400000,0.07189,0.07205,0.07188,0.07204,165098,1647224459999,11884.21537,58,137405,9893.32312,0
1647224460000,0.07204,0.07205,0.07199,0.07201,105849,1647224519999,7624.31025,31,17757,1278.96549,0
1647224520000,0.07198,0.07203,0.07198,0.07203,4061,1647224579999,292.41667,10,2008,144.59407,0
1647224580000,0.07204,0.07210,0.07203,0.07210,76011,1647224639999,5476.75940,28,71490,5151.06972,0
1647224640000,0.07212,0.07228,0.07212,0.07225,188345,1647224699999,13593.75145,60,107451,7757.49611,0
1647224700000,0.07222,0.07231,0.07219,0.07219,46318,1647224759999,3345.16341,27,20225,1460.67990,0
1647224760000,0.07221,0.07225,0.07219,0.07223,18382,1647224819999,1327.48328,24,4864,351.33285,0
1647224820000,0.07224,0.07227,0.07221,0.07223,162570,1647224879999,11747.52514,35,10198,736.69464,0
1647224880000,0.07223,0.07235,0.07223,0.07233,162947,1647224939999,11783.77861,35,149214,10790.44805,0
1647224940000,0.07234,0.07234,0.07211,0.07214,212806,1647224999999,15364.88028,71,46249,3336.06046,0
1647225000000,0.07217,0.07219,0.07211,0.07219,80796,1647225059999,5829.62635,33,49894,3600.12816,0
1647225060000,0.07219,0.07230,0.07209,0.07229,237432,1647225119999,17144.06062,62,169344,12225.87783,0
1647225120000,0.07229,0.07236,0.07222,0.07222,240699,1647225179999,17409.35913,81,77004,5570.08205,0
1647225180000,0.07223,0.07227,0.07220,0.07223,85147,1647225239999,6150.36218,40,18419,1330.79152,0
1647225240000,0.07224,0.07224,0.07219,0.07220,54416,1647225299999,3930.02039,34,7270,524.97989,0
1647225300000,0.07218,0.07225,0.07218,0.07220,30944,1647225359999,2234.36759,14,2795,201.74466,0
1647225360000,0.07220,0.07220,0.07210,0.07219,69668,1647225419999,5027.61003,38,14510,1046.36441,0
1647225420000,0.07220,0.07229,0.07220,0.07227,81078,1647225479999,5855.93165,31,21935,1584.52913,0
1647225480000,0.07230,0.07233,0.07223,0.07223,78159,1647225539999,5651.35358,40,42247,3054.86047,0
1647225540000,0.07220,0.07221,0.07213,0.07214,23980,1647225599999,1730.30601,24,4145,299.26446,0
1647225600000,0.07216,0.07219,0.07208,0.07219,38611,1647225659999,2785.07943,17,20582,1484.59385,0
1647225660000,0.07218,0.07218,0.07207,0.07214,76881,1647225719999,5543.73358,33,18185,1311.06994,0
1647225720000,0.07214,0.07214,0.07207,0.07207,16094,1647225779999,1160.54111,12,0,0.00000,0
1647225780000,0.07208,0.07214,0.07208,0.07213,36469,1647225839999,2629.12879,21,34793,2508.23994,0
1647225840000,0.07213,0.07219,0.07212,0.07212,68441,1647225899999,4938.41542,29,23401,1688.64453,0
1647225900000,0.07210,0.07215,0.07207,0.07208,22625,1647225959999,1631.32094,24,17314,1248.42970,0
1647225960000,0.07208,0.07220,0.07204,0.07204,67543,1647226019999,4871.50030,31,27030,1949.49982,0
1647226020000,0.07205,0.07205,0.07194,0.07194,161790,1647226079999,11645.12043,80,72211,5196.95759,0
1647226080000,0.07191,0.07205,0.07191,0.07202,136754,1647226139999,9843.94550,45,123418,8884.08366,0
1647226140000,0.07200,0.07201,0.07194,0.07195,115846,1647226199999,8338.93468,38,32939,2371.44155,0
1647226200000,0.07202,0.07209,0.07202,0.07205,13851,1647226259999,998.05945,16,4925,355.02917,0
1647226260000,0.07205,0.07205,0.07199,0.07203,83835,1647226319999,6037.13902,35,57385,4131.83558,0
1647226320000,0.07201,0.07201,0.07193,0.07195,15217,1647226379999,1095.57850,21,7221,519.91200,0
1647226380000,0.07196,0.07202,0.07195,0.07199,68594,1647226439999,4936.66192,26,51202,3685.27976,0
1647226440000,0.07198,0.07200,0.07197,0.07197,32312,1647226499999,2325.74931,11,24387,1755.37626,0
1647226500000,0.07191,0.07191,0.07185,0.07189,75920,1647226559999,5455.88023,28,62863,4517.34980,0
1647226560000,0.07192,0.07192,0.07187,0.07188,42799,1647226619999,3076.56333,23,37009,2660.26233,0
1647226620000,0.07190,0.07193,0.07184,0.07193,81791,1647226679999,5878.43142,36,39345,2827.46588,0
1647226680000,0.07190,0.07190,0.07184,0.07184,27793,1647226739999,1997.28173,23,19810,1423.66342,0
1647226740000,0.07182,0.07183,0.07171,0.07183,381785,1647226799999,27386.72575,76,242182,17368.55463,0
1647226800000,0.07180,0.07186,0.07177,0.07177,24710,1647226859999,1774.17722,26,8453,606.87674,0
1647226860000,0.07177,0.07185,0.07162,0.07177,432512,1647226919999,31018.47814,133,225907,16207.58473,0
1647226920000,0.07177,0.07178,0.07167,0.07167,119908,1647226979999,8598.45415,61,38714,2776.00181,0
1647226980000,0.07167,0.07184,0.07164,0.07184,118218,1647227039999,8476.52501,53,100734,7223.47517,0
1647227040000,0.07182,0.07182,0.07178,0.07178,35657,1647227099999,2560.40504,16,14546,1044.25630,0
1647227100000,0.07177,0.07177,0.07176,0.07176,4939,1647227159999,354.46575,11,4311,309.40047,0
1647227160000,0.07176,0.07176,0.07169,0.07169,20818,1647227219999,1493.18092,18,6043,433.22267,0
1647227220000,0.07167,0.07186,0.07167,0.07180,321449,1647227279999,23076.86871,85,258607,18564.76319,0
1647227280000,0.07177,0.07177,0.07169,0.07169,24462,1647227339999,1754.43039,24,8478,607.91329,0
1647227340000,0.07170,0.07170,0.07163,0.07163,102337,1647227399999,7332.76199,39,26853,1924.42262,0
1647227400000,0.07164,0.07172,0.07164,0.07170,17579,1647227459999,1260.52268,19,15487,1110.51869,0
1647227460000,0.07170,0.07175,0.07169,0.07173,31183,1647227519999,2236.57208,35,11364,815.16366,0
1647227520000,0.07172,0.07172,0.07158,0.07158,107203,1647227579999,7675.75093,29,8194,587.16589,0
1647227580000,0.07158,0.07172,0.07157,0.07172,38335,1647227639999,2744.58516,30,35498,2541.25423,0
1647227640000,0.07172,0.07172,0.07162,0.07162,38436,1647227699999,2756.48263,13,844,60.51480,0
1647227700000,0.07162,0.07168,0.07155,0.07162,106140,1647227759999,7601.65471,63,22137,1585.47797,0
1647227760000,0.07165,0.07172,0.07161,0.07161,121185,1647227819999,8684.91100,52,39384,2823.14696,0
1647227820000,0.07159,0.07159,0.07144,0.07144,367027,1647227879999,26247.23627,96,939,67.18162,0
1647227880000,0.07145,0.07154,0.07144,0.07154,71666,1647227939999,5121.38360,38,54563,3899.31171,0
1647227940000,0.07152,0.07152,0.07142,0.07142,37914,1647227999999,2709.64580,28,5943,424.49489,0
1647228000000,0.07142,0.07152,0.07142,0.07150,19004,1647228059999,1358.04751,26,10657,761.25420,0
1647228060000,0.07151,0.07167,0.07151,0.07161,129694,1647228119999,9284.58331,52,87642,6274.85362,0
1647228120000,0.07157,0.07157,0.07154,0.07154,35758,1647228179999,2558.58494,21,17203,1230.70262,0
1647228180000,0.07153,0.07158,0.07153,0.07156,70744,1647228239999,5061.80973,32,35610,2547.59453,0
1647228240000,0.07156,0.07167,0.07156,0.07164,48372,1647228299999,3463.21958,25,46887,3356.86129,0
1647228300000,0.07166,0.07181,0.07166,0.07177,133413,1647228359999,9573.80303,55,113064,8113.59508,0
1647228360000,0.07175,0.07175,0.07167,0.07168,84919,1647228419999,6088.95593,31,51573,3697.05686,0
1647228420000,0.07172,0.07179,0.07171,0.07173,69165,1647228479999,4964.16051,29,7047,505.60769,0
1647228480000,0.07175,0.07175,0.07168,0.07168,22977,1647228539999,1647.59002,20,2865,205.39185,0
1647228540000,0.07168,0.07180,0.07161,0.07165,221253,1647228599999,15870.95796,58,90470,6488.95979,0
1647228600000,0.07168,0.07178,0.07168,0.07176,37948,1647228659999,2722.86225,28,32197,2310.29916,0
1647228660000,0.07177,0.07184,0.07167,0.07167,219268,1647228719999,15732.13676,95,10657,765.43653,0
1647228720000,0.07167,0.07167,0.07159,0.07159,135918,1647228779999,9737.66997,51,22441,1607.88503,0
1647228780000,0.07159,0.07175,0.07159,0.07174,178045,1647228839999,12755.02858,59,148293,10623.64169,0
1647228840000,0.07168,0.07168,0.07165,0.07168,18246,1647228899999,1307.66769,20,16982,1217.07527,0
1647228900000,0.07168,0.07171,0.07166,0.07170,15119,1647228959999,1083.87763,21,185,13.26335,0
1647228960000,0.07168,0.07168,0.07165,0.07165,22326,1647229019999,1600.06722,21,300,21.50400,0
1647229020000,0.07163,0.07163,0.07159,0.07162,63100,1647229079999,4518.92584,33,41906,3001.26964,0
1647229080000,0.07165,0.07176,0.07165,0.07170,80944,1647229139999,5805.75884,33,80333,5761.96037,0
1647229140000,0.07169,0.07173,0.07167,0.07173,30132,1647229199999,2160.26405,18,22141,1587.51106,0
1647229200000,0.07169,0.07172,0.07160,0.07172,51774,1647229259999,3709.63125,28,952,68.26089,0
1647229260000,0.07179,0.07191,0.07179,0.07190,97040,1647229319999,6973.15093,38,96076,6903.94435,0
1647229320000,0.07188,0.07188,0.07178,0.07180,124068,1647229379999,8912.17518,44,40098,2880.15243,0
1647229380000,0.07180,0.07181,0.07179,0.07179,3212,1647229439999,230.60241,10,11,0.78991,0
1647229440000,0.07179,0.07179,0.07168,0.07168,77364,1647229499999,5550.78470,34,8823,632.78348,0
1647229500000,0.07169,0.07169,0.07169,0.07169,5605,1647229559999,401.82245,9,0,0.00000,0
1647229560000,0.07168,0.07178,0.07168,0.07177,111109,1647229619999,7970.30170,32,110411,7920.22496,0
1647229620000,0.07177,0.07187,0.07174,0.07186,156559,1647229679999,11241.95444,121,106879,7675.59287,0
1647229680000,0.07184,0.07189,0.07175,0.07177,122810,1647229739999,8819.41994,55,81971,5888.03717,0
1647229740000,0.07181,0.07181,0.07177,0.07180,7247,1647229799999,520.32058,17,3239,232.55667,0
1647229800000,0.07180,0.07186,0.07180,0.07184,34163,1647229859999,2454.17140,28,25969,1865.59947,0
1647229860000,0.07184,0.07187,0.07184,0.07187,9112,1647229919999,654.86452,11,446,32.04510,0
1647229920000,0.07187,0.07188,0.07182,0.07184,36703,1647229979999,2636.71448,28,27605,1982.84629,0
1647229980000,0.07186,0.07186,0.07180,0.07181,27378,1647230039999,1966.57851,24,17035,1223.61538,0
1647230040000,0.07177,0.07184,0.07177,0.07184,34783,1647230099999,2497.87886,20,16710,1199.80079,0
1647230100000,0.07181,0.07188,0.07178,0.07178,111721,1647230159999,8025.43303,57,49137,3530.31211,0
1647230160000,0.07178,0.07178,0.07173,0.07174,27382,1647230219999,1964.61167,17,21343,1531.14682,0
1647230220000,0.07180,0.07187,0.07180,0.07186,32458,1647230279999,2331.82706,16,30446,2187.28878,0
1647230280000,0.07183,0.07184,0.07176,0.07184,62988,1647230339999,4522.97024,31,28130,2019.73893,0
1647230340000,0.07182,0.07193,0.07177,0.07181,288856,1647230399999,20753.33121,60,224045,16098.98776,0
1647230400000,0.07181,0.07195,0.07180,0.07192,144016,1647230459999,10350.03044,58,106670,7666.51610,0
1647230460000,0.07193,0.07202,0.07185,0.07191,348181,1647230519999,25041.20640,119,160128,11520.45540,0
1647230520000,0.07184,0.07187,0.07176,0.07180,214485,1647230579999,15403.08396,95,104601,7512.85578,0
1647230580000,0.07178,0.07187,0.07176,0.07187,174453,1647230639999,12525.76184,78,138413,9938.29218,0
1647230640000,0.07187,0.07197,0.07185,0.07190,195773,1647230699999,14076.96771,79,138719,9975.61728,0
1647230700000,0.07192,0.07197,0.07191,0.07197,26705,1647230759999,1921.19870,22,6254,450.00738,0
1647230760000,0.07195,0.07200,0.07191,0.07192,85697,1647230819999,6166.28154,41,18553,1334.51014,0
1647230820000,0.07194,0.07197,0.07192,0.07192,18897,1647230879999,1359.51852,19,12402,892.27447,0
1647230880000,0.07192,0.07201,0.07192,0.07198,163236,1647230939999,11742.00360,23,154750,11131.57516,0
1647230940000,0.07197,0.07203,0.07195,0.07202,34779,1647230999999,2503.42163,25,18552,1335.68708,0
1647231000000,0.07199,0.07215,0.07199,0.07209,63603,1647231059999,4585.04506,29,51989,3747.89495,0
1647231060000,0.07210,0.07232,0.07210,0.07232,144255,1647231119999,10420.05861,68,113606,8206.61743,0
1647231120000,0.07227,0.07275,0.07227,0.07275,343454,1647231179999,24907.71875,164,162048,11754.20115,0
1647231180000,0.07274,0.07275,0.07260,0.07267,317668,1647231239999,23082.18441,118,29008,2108.68637,0
1647231240000,0.07273,0.07285,0.07268,0.07269,549614,1647231299999,39997.76782,138,63576,4628.49060,0
1647231300000,0.07271,0.07297,0.07271,0.07288,433238,1647231359999,31569.43103,168,130962,9545.39621,0
1647231360000,0.07287,0.07297,0.07284,0.07297,265679,1647231419999,19381.88777,81,200548,14633.13882,0
1647231420000,0.07297,0.07297,0.07290,0.07290,381562,1647231479999,27837.79782,83,255195,18620.83581,0
1647231480000,0.07292,0.07297,0.07284,0.07284,274470,1647231539999,20009.44121,114,45330,3306.61966,0
1647231540000,0.07289,0.07289,0.07267,0.07269,287537,1647231599999,20930.22675,127,63272,4608.68583,0
1647231600000,0.07267,0.07275,0.07266,0.07268,50584,1647231659999,3677.36041,44,13131,954.88884,0
1647231660000,0.07270,0.07270,0.07261,0.07265,87659,1647231719999,6370.20357,43,6856,498.16355,0
1647231720000,0.07266,0.07268,0.07262,0.07262,92479,1647231779999,6719.46203,29,64654,4698.07926,0
1647231780000,0.07269,0.07276,0.07259,0.07261,186132,1647231839999,13530.08583,80,72913,5301.26613,0
1647231840000,0.07262,0.07262,0.07246,0.07254,53569,1647231899999,3887.02551,35,6840,496.04528,0
1647231900000,0.07256,0.07259,0.07255,0.07256,19880,1647231959999,1442.61989,15,10280,746.01668,0
1647231960000,0.07258,0.07273,0.07258,0.07272,49252,1647232019999,3576.29887,31,39437,2863.63585,0
1647232020000,0.07272,0.07276,0.07255,0.07259,67250,1647232079999,4889.23949,56,16930,1230.68634,0
1647232080000,0.07258,0.07261,0.07256,0.07256,19121,1647232139999,1387.70689,18,11374,825.52086,0
1647232140000,0.07257,0.07264,0.07244,0.07247,158055,1647232199999,11467.98277,44,69592,5050.52805,0
1647232200000,0.07246,0.07259,0.07246,0.07248,79010,1647232259999,5730.27517,43,51092,3705.08162,0
1647232260000,0.07248,0.07248,0.07218,0.07223,294714,1647232319999,21300.29847,124,208612,15077.50902,0
1647232320000,0.07222,0.07236,0.07221,0.07234,126278,1647232379999,9124.36357,70,122169,8827.50087,0
1647232380000,0.07232,0.07239,0.07232,0.07235,58446,1647232439999,4228.13801,39,46745,3381.64573,0
1647232440000,0.07235,0.07249,0.07235,0.07240,70550,1647232499999,5106.29614,48,63276,4579.55155,0
1647232500000,0.07239,0.07247,0.07233,0.07247,41628,1647232559999,3015.70109,32,14453,1047.12102,0
1647232560000,0.07247,0.07247,0.07235,0.07238,307328,1647232619999,22246.18800,40,16594,1201.29255,0
1647232620000,0.07233,0.07234,0.07217,0.07217,324872,1647232679999,23474.79625,95,164255,11871.50550,0
1647232680000,0.07217,0.07219,0.07215,0.07218,60144,1647232739999,4340.66455,28,22923,1654.21121,0
1647232740000,0.07217,0.07230,0.07217,0.07230,579004,1647232799999,41804.80921,30,565583,40835.53364,0
1647232800000,0.07231,0.07231,0.07222,0.07227,81189,1647232859999,5864.98293,38,52069,3761.38794,0
1647232860000,0.07227,0.07232,0.07224,0.07224,76108,1647232919999,5503.58918,21,22398,1619.42336,0
1647232920000,0.07225,0.07233,0.07225,0.07225,76821,1647232979999,5551.37624,26,73546,5314.64504,0
1647232980000,0.07225,0.07232,0.07219,0.07227,104042,1647233039999,7516.22344,35,72234,5219.22738,0
1647233040000,0.07223,0.07225,0.07221,0.07225,18352,1647233099999,1325.44869,16,11282,814.85027,0
1647233100000,0.07225,0.07225,0.07221,0.07224,65068,1647233159999,4699.36869,24,46564,3362.58528,0
1647233160000,0.07223,0.07224,0.07222,0.07223,23114,1647233219999,1669.43201,11,22714,1640.54001,0
1647233220000,0.07224,0.07237,0.07224,0.07237,167301,1647233279999,12098.90520,69,159837,11559.12765,0
1647233280000,0.07235,0.07239,0.07234,0.07239,46677,1647233339999,3377.73686,34,39131,2831.83706,0
1647233340000,0.07238,0.07244,0.07238,0.07241,39917,1647233399999,2890.15842,27,36389,2634.67237,0
1647233400000,0.07242,0.07248,0.07242,0.07248,29840,1647233459999,2162.37168,15,23583,1708.99579,0
1647233460000,0.07247,0.07248,0.07237,0.07241,79835,1647233519999,5780.34421,36,57373,4153.07092,0
1647233520000,0.07243,0.07243,0.07239,0.07241,16906,1647233579999,1224.33404,19,13668,989.84243,0
1647233580000,0.07239,0.07239,0.07233,0.07233,17553,1647233639999,1270.04009,11,0,0.00000,0
1647233640000,0.07223,0.07228,0.07221,0.07228,37693,1647233699999,2723.01294,21,24356,1759.38578,0
1647233700000,0.07227,0.07228,0.07226,0.07226,2946,1647233759999,212.88334,7,73,5.27571,0
1647233760000,0.07227,0.07228,0.07220,0.07228,101051,1647233819999,7296.55689,27,95032,6861.79249,0
1647233820000,0.07228,0.07230,0.07224,0.07230,24661,1647233879999,1782.10008,12,22122,1598.58892,0
1647233880000,0.07231,0.07237,0.07230,0.07230,57772,1647233939999,4178.04567,21,25104,1815.36655,0
1647233940000,0.07230,0.07242,0.07230,0.07239,138532,1647233999999,10022.00134,28,96287,6964.23688,0
1647234000000,0.07238,0.07244,0.07233,0.07243,121326,1647234059999,8782.54041,50,82448,5968.83322,0
1647234060000,0.07241,0.07246,0.07230,0.07245,112252,1647234119999,8123.45872,56,96295,6968.86151,0
1647234120000,0.07243,0.07248,0.07232,0.07236,180963,1647234179999,13100.48715,83,77200,5589.33260,0
1647234180000,0.07233,0.07237,0.07231,0.07234,153265,1647234239999,11089.62623,56,135260,9787.21360,0
1647234240000,0.07237,0.07239,0.07236,0.07236,9920,1647234299999,717.92020,10,6240,451.58880,0
1647234300000,0.07241,0.07242,0.07236,0.07238,6272,1647234359999,454.04431,11,2678,193.88817,0
1647234360000,0.07240,0.07247,0.07240,0.07243,85828,1647234419999,6218.25890,21,78499,5687.35807,0
1647234420000,0.07243,0.07247,0.07241,0.07244,57755,1647234479999,4183.17348,25,36608,2651.70955,0
1647234480000,0.07246,0.07255,0.07243,0.07246,193249,1647234539999,14010.52741,76,157016,11385.37163,0
1647234540000,0.07246,0.07257,0.07244,0.07255,64539,1647234599999,4676.96078,74,8486,614.91069,0
1647234600000,0.07255,0.07259,0.07251,0.07253,37932,1647234659999,2751.81760,32,7520,545.64054,0
1647234660000,0.07254,0.07263,0.07249,0.07263,82138,1647234719999,5957.83941,23,73491,5330.35626,0
1647234720000,0.07264,0.07270,0.07263,0.07268,46960,1647234779999,3411.54553,40,17282,1255.66993,0
1647234780000,0.07267,0.07271,0.07263,0.07263,46822,1647234839999,3403.46929,25,10010,727.65698,0
1647234840000,0.07264,0.07266,0.07261,0.07264,28046,1647234899999,2037.04726,25,897,65.16561,0
1647234900000,0.07264,0.07274,0.07264,0.07272,102717,1647234959999,7467.75601,41,91834,6676.79045,0
1647234960000,0.07270,0.07270,0.07265,0.07267,43179,1647235019999,3138.54780,37,21016,1527.77583,0
1647235020000,0.07266,0.07270,0.07266,0.07267,63933,1647235079999,4646.77074,23,13615,989.58701,0
1647235080000,0.07267,0.07267,0.07264,0.07267,26547,1647235139999,1928.82646,22,9522,691.95819,0
1647235140000,0.07267,0.07270,0.07257,0.07259,206012,1647235199999,14972.87020,43,4170,302.69933,0
1647235200000,0.07260,0.07265,0.07257,0.07265,22632,1647235259999,1643.84328,19,17733,1288.07800,0
1647235260000,0.07263,0.07283,0.07263,0.07281,327371,1647235319999,23800.46140,98,309806,22522.70762,0
1647235320000,0.07282,0.07294,0.07275,0.07294,398878,1647235379999,29068.27826,80,369925,26960.20970,0
1647235380000,0.07289,0.07316,0.07289,0.07309,785575,1647235439999,57363.20572,171,700720,51160.56678,0
1647235440000,0.07308,0.07308,0.07290,0.07292,254998,1647235499999,18604.88316,79,26240,1915.36950,0
1647235500000,0.07292,0.07292,0.07285,0.07289,239783,1647235559999,17470.76732,35,228001,16612.19750,0
1647235560000,0.07290,0.07290,0.07283,0.07285,37831,1647235619999,2755.82067,31,25590,1863.83502,0
1647235620000,0.07284,0.07284,0.07274,0.07280,77543,1647235679999,5643.19726,37,44074,3207.28041,0
1647235680000,0.07279,0.07279,0.07269,0.07270,205703,1647235739999,14956.18491,58,24591,1787.78602,0
1647235740000,0.07270,0.07280,0.07270,0.07275,136714,1647235799999,9944.03159,57,110927,8068.68747,0
1647235800000,0.07271,0.07274,0.07270,0.07274,57947,1647235859999,4213.15238,19,21331,1550.81114,0
1647235860000,0.07276,0.07286,0.07276,0.07282,197006,1647235919999,14341.29270,57,180299,13125.01775,0
1647235920000,0.07280,0.07296,0.07261,0.07295,477151,1647235979999,34743.99438,189,409178,29796.32051,0
1647235980000,0.07296,0.07309,0.07295,0.07303,468437,1647236039999,34202.30456,136,295129,21551.67134,0
1647236040000,0.07304,0.07317,0.07297,0.07316,224262,1647236099999,16386.54465,84,181214,13241.85623,0
1647236100000,0.07315,0.07315,0.07299,0.07303,168918,1647236159999,12340.30456,54,92777,6775.66699,0
1647236160000,0.07304,0.07316,0.07304,0.07305,59905,1647236219999,4377.03468,40,25636,1873.77857,0
1647236220000,0.07298,0.07299,0.07297,0.07297,31707,1647236279999,2313.87413,24,8956,653.61151,0
1647236280000,0.07296,0.07308,0.07292,0.07304,74422,1647236339999,5430.47450,48,52370,3821.66230,0
1647236340000,0.07300,0.07311,0.07296,0.07310,131124,1647236399999,9578.28358,74,69778,5096.08909,0
1647236400000,0.07309,0.07313,0.07303,0.07313,86344,1647236459999,6310.00054,51,77787,5684.87394,0
1647236460000,0.07315,0.07319,0.07306,0.07315,257883,1647236519999,18858.26298,80,106917,7816.28189,0
1647236520000,0.07314,0.07317,0.07310,0.07310,297293,1647236579999,21740.93079,70,28362,2074.35575,0
1647236580000,0.07308,0.07308,0.07298,0.07301,142304,1647236639999,10394.18492,90,61407,4484.52437,0
1647236640000,0.07301,0.07304,0.07266,0.07295,867444,1647236699999,63205.70474,243,444119,32372.76014,0
1647236700000,0.07296,0.07311,0.07286,0.07290,146407,1647236759999,10679.48461,71,43151,3151.48200,0
1647236760000,0.07290,0.07293,0.07275,0.07278,378215,1647236819999,27541.00559,99,140415,10225.87453,0
1647236820000,0.07281,0.07292,0.07278,0.07290,77082,1647236879999,5615.29324,38,60092,4377.63831,0
1647236880000,0.07288,0.07288,0.07276,0.07276,23638,1647236939999,1720.49626,36,1183,86.09212,0
1647236940000,0.07276,0.07283,0.07275,0.07283,80597,1647236999999,5865.51929,21,66084,4808.85478,0
1647237000000,0.07285,0.07298,0.07285,0.07293,185105,1647237059999,13498.58803,70,167993,12251.48256,0
1647237060000,0.07294,0.07300,0.07294,0.07299,39716,1647237119999,2898.52360,20,38230,2790.10504,0
1647237120000,0.07299,0.07299,0.07292,0.07292,41347,1647237179999,3017.23002,29,27002,1970.39528,0
1647237180000,0.07291,0.07291,0.07285,0.07285,17809,1647237239999,1297.63677,26,0,0.00000,0
1647237240000,0.07284,0.07284,0.07274,0.07274,119916,1647237299999,8727.97604,60,68677,4997.94073,0
1647237300000,0.07274,0.07282,0.07273,0.07277,45919,1647237359999,3341.40540,43,27651,2011.69198,0
1647237360000,0.07276,0.07282,0.07275,0.07275,18639,1647237419999,1356.92447,18,549,39.94524,0
1647237420000,0.07274,0.07274,0.07271,0.07272,58447,1647237479999,4250.39688,27,55215,4015.36900,0
1647237480000,0.07271,0.07272,0.07266,0.07266,78925,1647237539999,5736.31229,47,24366,1771.01762,0
1647237540000,0.07266,0.07266,0.07238,0.07240,883217,1647237599999,64035.38199,201,111442,8070.37101,0
1647237600000,0.07239,0.07264,0.07239,0.07259,553708,1647237659999,40142.35974,130,391090,28343.16474,0
1647237660000,0.07258,0.07264,0.07251,0.07259,78290,1647237719999,5682.40121,58,61992,4499.83778,0
1647237720000,0.07259,0.07283,0.07255,0.07276,381129,1647237779999,27714.95302,116,296755,21574.92581,0
1647237780000,0.07275,0.07283,0.07273,0.07283,83415,1647237839999,6071.45392,45,68242,4967.24697,0
1647237840000,0.07281,0.07287,0.07281,0.07285,180361,1647237899999,13138.78100,41,159296,11604.59169,0
1647237900000,0.07286,0.07288,0.07284,0.07286,113879,1647237959999,8298.54012,57,52507,3826.39544,0
1647237960000,0.07286,0.07291,0.07286,0.07290,149415,1647238019999,10888.31137,27,146855,10701.69875,0
1647238020000,0.07291,0.07296,0.07291,0.07295,80181,1647238079999,5849.36783,31,70870,5170.11900,0
1647238080000,0.07296,0.07299,0.07296,0.07298,25811,1647238139999,1883.42352,17,23352,1704.01122,0
1647238140000,0.07298,0.07298,0.07292,0.07295,117816,1647238199999,8594.44954,58,59529,4341.33945,0
1647238200000,0.07298,0.07299,0.07297,0.07299,44008,1647238259999,3211.81856,21,16064,1172.51136,0
1647238260000,0.07299,0.07305,0.07296,0.07301,138119,1647238319999,10079.57582,46,55635,4059.80097,0
1647238320000,0.07303,0.07306,0.07303,0.07306,62251,1647238379999,4546.73511,25,5887,430.00870,0
1647238380000,0.07304,0.07304,0.07296,0.07296,57190,1647238439999,4175.19382,31,6734,491.58200,0
1647238440000,0.07296,0.07300,0.07296,0.07299,20556,1647238499999,1500.35399,14,4932,359.98919,0
1647238500000,0.07299,0.07309,0.07299,0.07309,58858,1647238559999,4299.49483,39,55933,4085.97674,0
1647238560000,0.07308,0.07309,0.07293,0.07293,216276,1647238619999,15794.66683,67,721,52.68627,0
1647238620000,0.07292,0.07316,0.07292,0.07304,208696,1647238679999,15244.74088,108,156570,11434.17249,0
1647238680000,0.07305,0.07318,0.07305,0.07310,85908,1647238739999,6280.48929,49,59146,4324.53098,0
1647238740000,0.07315,0.07332,0.07315,0.07329,101745,1647238799999,7454.54740,61,78352,5741.67994,0
1647238800000,0.07331,0.07333,0.07322,0.07330,183314,1647238859999,13430.34059,65,139240,10201.13982,0
1647238860000,0.07329,0.07334,0.07326,0.07329,77065,1647238919999,5648.71900,48,24162,1771.16697,0
1647238920000,0.07331,0.07332,0.07325,0.07329,102685,1647238979999,7524.88493,46,9971,730.73723,0
1647238980000,0.07329,0.07360,0.07324,0.07350,569499,1647239039999,41840.09966,212,273241,20076.43960,0
1647239040000,0.07352,0.07353,0.07331,0.07340,239560,1647239099999,17584.13116,122,96592,7094.40973,0
1647239100000,0.07341,0.07349,0.07337,0.07347,66571,1647239159999,4889.53547,57,65714,4826.64605,0
1647239160000,0.07345,0.07349,0.07340,0.07346,62777,1647239219999,4611.28009,43,23736,1743.85898,0
1647239220000,0.07345,0.07378,0.07345,0.07373,284742,1647239279999,20949.34961,158,212927,15664.48530,0
1647239280000,0.07373,0.07376,0.07359,0.07363,164519,1647239339999,12115.83379,66,31256,2302.52434,0
1647239340000,0.07360,0.07360,0.07351,0.07355,116378,1647239399999,8559.80493,55,53959,3967.98764,0
1647239400000,0.07361,0.07365,0.07347,0.07352,147587,1647239459999,10849.08650,53,93682,6885.73921,0
1647239460000,0.07351,0.07361,0.07346,0.07355,164587,1647239519999,12104.95447,80,14794,1087.83788,0
1647239520000,0.07357,0.07377,0.07348,0.07349,522108,1647239579999,38460.60617,205,209640,15446.95067,0
1647239580000,0.07352,0.07356,0.07343,0.07348,231150,1647239639999,16989.10924,81,27966,2055.22585,0
1647239640000,0.07351,0.07352,0.07344,0.07345,86870,1647239699999,6382.81918,65,7275,534.78299,0
1647239700000,0.07348,0.07348,0.07332,0.07335,141221,1647239759999,10361.63807,80,30503,2238.05517,0
1647239760000,0.07338,0.07345,0.07335,0.07340,59495,1647239819999,4367.12960,39,43106,3164.29233,0
1647239820000,0.07341,0.07344,0.07340,0.07343,26195,1647239879999,1923.08596,18,3564,261.69022,0
1647239880000,0.07343,0.07351,0.07343,0.07351,76862,1647239939999,5647.07827,64,46544,3419.69956,0
1647239940000,0.07351,0.07365,0.07349,0.07357,220796,1647239999999,16244.10773,168,137638,10126.31425,0
1647240000000,0.07357,0.07363,0.07353,0.07358,538963,1647240059999,39675.13834,68,160910,11840.19886,0
1647240060000,0.07363,0.07363,0.07341,0.07342,62935,1647240119999,4623.46256,58,20710,1521.04934,0
1647240120000,0.07342,0.07342,0.07337,0.07341,53172,1647240179999,3902.15881,45,32696,2399.36743,0
1647240180000,0.07341,0.07348,0.07341,0.07345,48766,1647240239999,3581.01018,37,39555,2904.28354,0
1647240240000,0.07344,0.07344,0.07328,0.07343,245880,1647240299999,18032.52159,71,107208,7864.83760,0
1647240300000,0.07333,0.07341,0.07332,0.07341,15224,1647240359999,1117.29850,12,12300,902.77140,0
1647240360000,0.07347,0.07352,0.07338,0.07351,70733,1647240419999,5197.54214,44,44827,3294.71476,0
1647240420000,0.07350,0.07350,0.07334,0.07337,179688,1647240479999,13190.92211,68,80040,5873.75445,0
1647240480000,0.07339,0.07341,0.07329,0.07341,38005,1647240539999,2788.76026,35,30074,2207.05054,0
1647240540000,0.07339,0.07346,0.07339,0.07342,45606,1647240599999,3348.40923,18,29704,2180.56431,0
1647240600000,0.07347,0.07355,0.07343,0.07349,78221,1647240659999,5749.49910,44,52711,3875.04767,0
1647240660000,0.07349,0.07353,0.07348,0.07351,42403,1647240719999,3116.71710,27,39177,2879.59017,0
1647240720000,0.07349,0.07359,0.07344,0.07358,156381,1647240779999,11497.32196,57,141962,10437.69595,0
1647240780000,0.07359,0.07369,0.07356,0.07369,125121,1647240839999,9213.39673,71,104245,7677.13300,0
1647240840000,0.07367,0.07368,0.07360,0.07360,45311,1647240899999,3336.72722,44,13286,978.64836,0
1647240900000,0.07362,0.07362,0.07358,0.07360,23159,1647240959999,1704.57014,21,11648,857.46382,0
1647240960000,0.07358,0.07370,0.07358,0.07370,46054,1647241019999,3392.25816,30,37910,2792.24066,0
1647241020000,0.07368,0.07370,0.07365,0.07370,38478,1647241079999,2835.19240,36,24596,1812.50464,0
1647241080000,0.07369,0.07372,0.07363,0.07369,80564,1647241139999,5935.24907,39,38157,2810.89361,0
1647241140000,0.07370,0.07370,0.07360,0.07361,114746,1647241199999,8455.25976,13,11844,872.84840,0
1647241200000,0.07359,0.07371,0.07359,0.07370,85868,1647241259999,6322.96585,43,75964,5593.48683,0
1647241260000,0.07371,0.07380,0.07370,0.07376,166909,1647241319999,12312.28631,57,104158,7682.17993,0
1647241320000,0.07375,0.07385,0.07372,0.07379,262500,1647241379999,19372.17037,112,184852,13642.62961,0
1647241380000,0.07379,0.07384,0.07377,0.07377,75824,1647241439999,5595.75655,56,27319,2016.50432,0
1647241440000,0.07377,0.07381,0.07371,0.07375,64022,1647241499999,4720.81738,26,5305,391.34619,0
1647241500000,0.07377,0.07378,0.07375,0.07375,73579,1647241559999,5428.07981,31,15620,1152.40468,0
1647241560000,0.07376,0.07387,0.07376,0.07383,76717,1647241619999,5662.37862,47,60556,4469.69488,0
1647241620000,0.07385,0.07394,0.07376,0.07394,160690,1647241679999,11866.21726,71,78745,5818.58919,0
1647241680000,0.07394,0.07429,0.07390,0.07420,805431,1647241739999,59659.43215,236,512587,37958.03182,0
1647241740000,0.07422,0.07436,0.07422,0.07424,281183,1647241799999,20888.10631,116,160367,11916.64148,0
1647241800000,0.07423,0.07423,0.07409,0.07417,197474,1647241859999,14643.43851,139,99072,7345.06612,0
1647241860000,0.07417,0.07417,0.07403,0.07409,157430,1647241919999,11667.50577,76,66656,4939.22813,0
1647241920000,0.07406,0.07407,0.07402,0.07405,38666,1647241979999,2863.01398,45,9779,724.18465,0
1647241980000,0.07406,0.07419,0.07405,0.07417,142228,1647242039999,10543.85057,51,139497,10341.49219,0
1647242040000,0.07417,0.07428,0.07417,0.07428,55550,1647242099999,4123.39335,41,26367,1956.78843,0
1647242100000,0.07428,0.07440,0.07424,0.07438,66916,1647242159999,4971.97620,36,37020,2751.06397,0
1647242160000,0.07438,0.07455,0.07438,0.07452,347968,1647242219999,25921.32907,129,191105,14234.19728,0
1647242220000,0.07452,0.07469,0.07444,0.07450,295022,1647242279999,22001.45792,148,155009,11563.15140,0
1647242280000,0.07449,0.07449,0.07439,0.07439,103217,1647242339999,7682.32114,60,19246,1432.83234,0
1647242340000,0.07437,0.07446,0.07435,0.07442,65900,1647242399999,4902.56782,58,46433,3455.03454,0
1647242400000,0.07447,0.07464,0.07432,0.07433,272737,1647242459999,20318.34523,132,132723,9892.84588,0
1647242460000,0.07433,0.07452,0.07415,0.07451,379498,1647242519999,28213.78386,167,203591,15147.01075,0
1647242520000,0.07449,0.07451,0.07416,0.07422,285724,1647242579999,21231.11422,118,57862,4302.11158,0
1647242580000,0.07421,0.07427,0.07391,0.07396,816798,1647242639999,60529.20218,168,152229,11273.55170,0
1647242640000,0.07393,0.07415,0.07391,0.07414,342646,1647242699999,25377.97747,82,173825,12876.33200,0
1647242700000,0.07414,0.07422,0.07412,0.07420,116430,1647242759999,8635.97841,45,64755,4803.72391,0
1647242760000,0.07422,0.07422,0.07404,0.07409,235318,1647242819999,17435.52502,67,35658,2641.85187,0
1647242820000,0.07411,0.07412,0.07400,0.07403,73904,1647242879999,5474.01269,48,3861,285.80663,0
1647242880000,0.07402,0.07444,0.07398,0.07429,559665,1647242939999,41574.51961,167,403053,29942.08645,0
1647242940000,0.07428,0.07454,0.07417,0.07428,1011678,1647242999999,75263.26532,191,420202,31271.75530,0
1647243000000,0.07425,0.07457,0.07421,0.07451,277625,1647243059999,20666.77762,94,271788,20232.59927,0
1647243060000,0.07447,0.07484,0.07446,0.07472,845818,1647243119999,63126.18317,219,743284,55471.29266,0
1647243120000,0.07472,0.07497,0.07472,0.07477,698607,1647243179999,52307.42873,187,310988,23289.02842,0
1647243180000,0.07477,0.07495,0.07475,0.07487,221204,1647243239999,16558.26173,111,135488,10145.39420,0
1647243240000,0.07488,0.07517,0.07483,0.07491,787819,1647243299999,59072.64296,306,461332,34605.83388,0
1647243300000,0.07491,0.07494,0.07472,0.07476,252141,1647243359999,18868.15130,152,55174,4129.59747,0
1647243360000,0.07474,0.07477,0.07464,0.07467,364933,1647243419999,27266.87901,141,104736,7827.71105,0
1647243420000,0.07467,0.07470,0.07453,0.07453,377930,1647243479999,28195.75746,100,104679,7809.78670,0
1647243480000,0.07453,0.07453,0.07436,0.07451,431082,1647243539999,32093.21295,205,201605,15011.18072,0
1647243540000,0.07451,0.07480,0.07442,0.07477,567967,1647243599999,42380.49432,208,371193,27712.34256,0
1647243600000,0.07481,0.07485,0.07472,0.07474,279807,1647243659999,20924.59939,134,158767,11875.36125,0
1647243660000,0.07477,0.07484,0.07471,0.07482,258652,1647243719999,19341.11147,126,119736,8954.87488,0
1647243720000,0.07483,0.07485,0.07470,0.07477,268435,1647243779999,20078.16127,91,48079,3596.36300,0
1647243780000,0.07477,0.07495,0.07470,0.07489,381877,1647243839999,28579.81852,139,205054,15348.26997,0
1647243840000,0.07490,0.07497,0.07484,0.07495,309088,1647243899999,23154.55840,91,133363,9993.53084,0
1647243900000,0.07495,0.07519,0.07492,0.07500,1253324,1647243959999,94105.27465,412,894266,67166.58017,0
1647243960000,0.07499,0.07514,0.07490,0.07490,615637,1647244019999,46184.31674,206,301074,22594.17742,0
1647244020000,0.07491,0.07500,0.07489,0.07490,250795,1647244079999,18794.33943,148,109178,8184.59681,0
1647244080000,0.07490,0.07497,0.07459,0.07482,349177,1647244139999,26095.56551,158,82442,6161.02085,0
1647244140000,0.07480,0.07480,0.07467,0.07468,176066,1647244199999,13151.65279,62,18286,1366.19212,0
1647244200000,0.07467,0.07476,0.07467,0.07473,146492,1647244259999,10940.85443,70,76877,5742.44540,0
1647244260000,0.07474,0.07476,0.07467,0.07470,45867,1647244319999,3426.65075,25,5970,445.96870,0
1647244320000,0.07470,0.07470,0.07457,0.07464,320720,1647244379999,23941.56053,73,50835,3793.01604,0
1647244380000,0.07461,0.07465,0.07452,0.07456,65285,1647244439999,4867.71893,43,19360,1443.74074,0
1647244440000,0.07454,0.07469,0.07454,0.07469,174531,1647244499999,13023.89493,88,62687,4678.49018,0
1647244500000,0.07464,0.07479,0.07384,0.07395,2843406,1647244559999,210843.16629,671,371119,27523.24348,0
1647244560000,0.07395,0.07444,0.07376,0.07439,3023094,1647244619999,223882.61220,753,2180921,161611.20625,0
1647244620000,0.07440,0.07451,0.07427,0.07441,554212,1647244679999,41221.38282,211,193913,14428.38692,0
1647244680000,0.07440,0.07441,0.07415,0.07417,337671,1647244739999,25077.01942,127,9945,739.00559,0
1647244740000,0.07416,0.07436,0.07412,0.07436,666415,1647244799999,49438.62065,148,224878,16686.06447,0
1647244800000,0.07434,0.07436,0.07411,0.07420,246687,1647244859999,18314.67833,84,31175,2313.63148,0
1647244860000,0.07422,0.07422,0.07401,0.07411,625309,1647244919999,46331.64200,173,413218,30621.46182,0
1647244920000,0.07410,0.07419,0.07394,0.07401,542894,1647244979999,40198.85864,196,204753,15171.04658,0
1647244980000,0.07398,0.07418,0.07398,0.07417,158214,1647245039999,11719.01603,57,105026,7775.77686,0
1647245040000,0.07415,0.07418,0.07405,0.07407,349258,1647245099999,25878.96129,97,63554,4709.48683,0
1647245100000,0.07406,0.07419,0.07406,0.07419,101496,1647245159999,7524.89828,64,70585,5233.90880,0
1647245160000,0.07418,0.07421,0.07416,0.07419,102564,1647245219999,7607.75133,45,52472,3891.64442,0
1647245220000,0.07416,0.07417,0.07411,0.07414,98272,1647245279999,7286.62497,45,39925,2960.38488,0
1647245280000,0.07413,0.07416,0.07410,0.07415,34039,1647245339999,2523.21079,27,15129,1121.39309,0
1647245340000,0.07417,0.07431,0.07415,0.07423,299735,1647245399999,22248.50563,97,134725,10004.83376,0
1647245400000,0.07417,0.07422,0.07415,0.07415,26131,1647245459999,1938.48939,27,9320,691.41189,0
1647245460000,0.07415,0.07425,0.07414,0.07425,125492,1647245519999,9312.27321,35,105559,7833.83202,0
1647245520000,0.07426,0.07440,0.07422,0.07440,216683,1647245579999,16097.78759,87,51639,3838.73474,0
1647245580000,0.07435,0.07437,0.07426,0.07429,369008,1647245639999,27416.01021,67,44156,3282.69286,0
1647245640000,0.07428,0.07428,0.07410,0.07410,204001,1647245699999,15127.95550,98,94861,7034.14157,0
1647245700000,0.07410,0.07419,0.07407,0.07409,95000,1647245759999,7041.35731,56,33420,2477.76609,0
1647245760000,0.07409,0.07422,0.07406,0.07421,93563,1647245819999,6937.56716,59,72351,5364.14014,0
1647245820000,0.07422,0.07425,0.07416,0.07420,59862,1647245879999,4443.13809,45,25390,1884.53962,0
1647245880000,0.07420,0.07453,0.07419,0.07437,481829,1647245939999,35832.53664,177,359283,26709.62839,0
1647245940000,0.07437,0.07438,0.07427,0.07427,74591,1647245999999,5543.87826,30,44652,3317.31165,0
1647246000000,0.07425,0.07435,0.07424,0.07433,201025,1647246059999,14932.91320,56,179807,13356.90640,0
1647246060000,0.07434,0.07439,0.07431,0.07439,112514,1647246119999,8367.33046,44,84004,6247.37754,0
1647246120000,0.07436,0.07496,0.07429,0.07450,1309807,1647246179999,97693.81438,364,836458,62410.57071,0
1647246180000,0.07450,0.07456,0.07447,0.07452,144452,1647246239999,10763.33625,73,41926,3124.11584,0
1647246240000,0.07449,0.07462,0.07448,0.07451,157693,1647246299999,11758.28673,56,121768,9080.36365,0
1647246300000,0.07450,0.07453,0.07436,0.07440,52233,1647246359999,3888.75658,32,7807,581.70686,0
1647246360000,0.07439,0.07445,0.07436,0.07443,65045,1647246419999,4839.55307,51,34714,2582.82748,0
1647246420000,0.07443,0.07445,0.07436,0.07436,14533,1647246479999,1081.39324,22,1894,140.99376,0
1647246480000,0.07438,0.07438,0.07428,0.07428,51921,1647246539999,3857.90067,26,1275,94.77155,0
1647246540000,0.07429,0.07438,0.07427,0.07437,113475,1647246599999,8432.18947,42,102719,7632.97594,0
1647246600000,0.07440,0.07453,0.07436,0.07448,65395,1647246659999,4868.83128,45,50967,3795.18052,0
1647246660000,0.07449,0.07458,0.07447,0.07451,156842,1647246719999,11688.48756,65,109485,8159.60351,0
1647246720000,0.07452,0.07460,0.07447,0.07447,71915,1647246779999,5361.89037,80,12319,918.61869,0
1647246780000,0.07448,0.07467,0.07448,0.07467,325323,1647246839999,24271.18642,102,164735,12291.45223,0
1647246840000,0.07468,0.07468,0.07453,0.07453,86823,1647246899999,6481.72673,33,37755,2819.03771,0
1647246900000,0.07453,0.07471,0.07453,0.07462,209930,1647246959999,15665.75465,85,169410,12642.31748,0
1647246960000,0.07462,0.07471,0.07458,0.07468,64415,1647247019999,4808.34661,45,31901,2381.79912,0
1647247020000,0.07469,0.07474,0.07463,0.07467,105102,1647247079999,7849.85525,64,15539,1161.02816,0
1647247080000,0.07467,0.07497,0.07467,0.07489,345223,1647247139999,25838.38891,141,265403,19860.94466,0
1647247140000,0.07490,0.07490,0.07458,0.07460,503974,1647247199999,37649.23452,99,159757,11930.54620,0
1647247200000,0.07461,0.07469,0.07457,0.07462,110174,1647247259999,8221.09124,38,84780,6326.71407,0
1647247260000,0.07463,0.07487,0.07463,0.07487,279918,1647247319999,20916.30746,87,225033,16817.96430,0
1647247320000,0.07484,0.07489,0.07477,0.07477,307610,1647247379999,23015.96013,89,163359,12225.48845,0
1647247380000,0.07475,0.07487,0.07471,0.07487,244883,1647247439999,18314.14019,85,220828,16515.60564,0
1647247440000,0.07485,0.07489,0.07475,0.07478,144374,1647247499999,10802.29412,74,30744,2300.80147,0
1647247500000,0.07480,0.07500,0.07480,0.07497,298843,1647247559999,22394.77096,124,168002,12589.64238,0
1647247560000,0.07494,0.07500,0.07488,0.07492,403668,1647247619999,30257.23690,166,223888,16786.76432,0
1647247620000,0.07491,0.07500,0.07485,0.07489,247672,1647247679999,18556.56348,94,107087,8026.61363,0
1647247680000,0.07490,0.07498,0.07489,0.07489,196989,1647247739999,14760.54354,66,56787,4256.34465,0
1647247740000,0.07490,0.07492,0.07485,0.07492,103045,1647247799999,7716.37417,44,52728,3948.84574,0
1647247800000,0.07491,0.07495,0.07486,0.07491,127711,1647247859999,9565.35603,57,51946,3891.68613,0
1647247860000,0.07490,0.07495,0.07484,0.07489,213398,1647247919999,15982.27978,82,93941,7038.37181,0
1647247920000,0.07489,0.07494,0.07486,0.07492,130595,1647247979999,9780.76978,52,34571,2589.52369,0
1647247980000,0.07492,0.07492,0.07480,0.07485,114604,1647248039999,8577.95366,58,21089,1579.08001,0
1647248040000,0.07486,0.07493,0.07480,0.07480,233231,1647248099999,17458.73676,42,19445,1456.48174,0
1647248100000,0.07480,0.07481,0.07430,0.07437,965158,1647248159999,71903.57429,276,218252,16242.03355,0
1647248160000,0.07438,0.07459,0.07437,0.07459,214028,1647248219999,15929.83141,88,174698,13001.15045,0
1647248220000,0.07460,0.07472,0.07458,0.07469,92389,1647248279999,6898.07076,62,73102,5458.13485,0
1647248280000,0.07471,0.07473,0.07465,0.07468,53535,1647248339999,3998.67125,36,26991,2016.02524,0
1647248340000,0.07466,0.07478,0.07466,0.07478,159952,1647248399999,11947.19886,39,156430,11684.04794,0
1647248400000,0.07479,0.07497,0.07479,0.07484,249774,1647248459999,18706.30705,91,118700,8890.17570,0
1647248460000,0.07484,0.07490,0.07479,0.07487,84739,1647248519999,6342.50883,58,23992,1795.33771,0
1647248520000,0.07487,0.07494,0.07468,0.07472,381162,1647248579999,28516.93976,113,99841,7473.28964,0
1647248580000,0.07473,0.07486,0.07463,0.07477,349489,1647248639999,26120.29840,106,163129,12195.10341,0
1647248640000,0.07479,0.07499,0.07479,0.07493,363546,1647248699999,27231.28513,120,228122,17092.23675,0
1647248700000,0.07494,0.07500,0.07492,0.07496,160994,1647248759999,12069.53144,73,121457,9106.37616,0
1647248760000,0.07495,0.07499,0.07487,0.07490,161801,1647248819999,12122.64785,83,85383,6397.83524,0
1647248820000,0.07491,0.07493,0.07481,0.07482,157481,1647248879999,11789.49410,49,15762,1180.76755,0
1647248880000,0.07482,0.07485,0.07474,0.07483,156719,1647248939999,11722.47548,75,83264,6228.78311,0
1647248940000,0.07484,0.07492,0.07484,0.07487,91351,1647248999999,6840.76767,45,74974,5614.58824,0
1647249000000,0.07487,0.07495,0.07486,0.07486,67043,1647249059999,5022.26587,39,36456,2731.40550,0
1647249060000,0.07485,0.07485,0.07471,0.07473,167899,1647249119999,12554.83471,67,77183,5773.12775,0
1647249120000,0.07473,0.07480,0.07471,0.07479,118417,1647249179999,8851.69547,44,115198,8611.08207,0
1647249180000,0.07479,0.07488,0.07476,0.07482,86138,1647249239999,6445.23976,33,79437,5944.04126,0
1647249240000,0.07482,0.07484,0.07476,0.07482,19071,1647249299999,1426.90962,31,12233,915.41994,0
1647249300000,0.07483,0.07489,0.07479,0.07479,40661,1647249359999,3043.08844,30,2802,209.71049,0
1647249360000,0.07476,0.07487,0.07471,0.07485,118786,1647249419999,8879.35104,44,104339,7799.72622,0
1647249420000,0.07485,0.07489,0.07480,0.07485,50208,1647249479999,3757.31749,44,12874,963.72615,0
1647249480000,0.07484,0.07484,0.07472,0.07473,86775,1647249539999,6488.16779,43,10872,812.94239,0
1647249540000,0.07472,0.07473,0.07470,0.07471,25590,1647249599999,1911.80922,28,15439,1153.45095,0
1647249600000,0.07471,0.07489,0.07470,0.07486,22028,1647249659999,1647.03532,22,9711,725.93949,0
1647249660000,0.07485,0.07495,0.07483,0.07491,305164,1647249719999,22864.73859,64,265961,19928.84421,0
1647249720000,0.07489,0.07490,0.07484,0.07486,25072,1647249779999,1877.04099,25,8711,652.16014,0
1647249780000,0.07485,0.07488,0.07485,0.07486,6648,1647249839999,497.67104,12,2720,203.65785,0
1647249840000,0.07487,0.07487,0.07471,0.07484,142003,1647249899999,10616.47898,52,38917,2909.55733,0
1647249900000,0.07478,0.07482,0.07477,0.07480,57862,1647249959999,4327.39655,20,50180,3752.84499,0
1647249960000,0.07480,0.07482,0.07478,0.07482,51306,1647250019999,3838.00783,24,23205,1736.19444,0
1647250020000,0.07485,0.07485,0.07477,0.07478,49975,1647250079999,3738.12185,42,29501,2206.73040,0
1647250080000,0.07480,0.07480,0.07462,0.07469,227045,1647250139999,16960.36153,87,31872,2381.66451,0
1647250140000,0.07468,0.07472,0.07466,0.07470,131107,1647250199999,9790.38922,29,109085,8145.86004,0
1647250200000,0.07471,0.07484,0.07471,0.07479,162556,1647250259999,12160.67387,55,138605,10368.97331,0
1647250260000,0.07480,0.07495,0.07473,0.07490,280751,1647250319999,21016.34588,89,184243,13796.11647,0
1647250320000,0.07491,0.07493,0.07480,0.07483,138809,1647250379999,10390.90279,53,36059,2700.90779,0
1647250380000,0.07483,0.07489,0.07478,0.07483,89577,1647250439999,6702.49274,45,47996,3591.67170,0
1647250440000,0.07482,0.07482,0.07472,0.07474,126040,1647250499999,9421.23984,44,6521,487.75679,0
1647250500000,0.07473,0.07493,0.07473,0.07486,156937,1647250559999,11744.57510,51,151941,11371.14546,0
1647250560000,0.07487,0.07496,0.07472,0.07485,363654,1647250619999,27223.11617,100,169895,12727.66005,0
1647250620000,0.07483,0.07483,0.07476,0.07481,144724,1647250679999,10822.61452,47,6050,452.36747,0
1647250680000,0.07483,0.07490,0.07481,0.07483,161328,1647250739999,12078.88750,41,133482,9994.36235,0
1647250740000,0.07484,0.07492,0.07483,0.07491,70540,1647250799999,5280.28841,31,13939,1043.80759,0
1647250800000,0.07490,0.07494,0.07486,0.07487,25063,1647250859999,1876.71363,20,5745,430.17446,0
1647250860000,0.07486,0.07489,0.07485,0.07485,73209,1647250919999,5480.69315,32,17872,1338.15499,0
1647250920000,0.07485,0.07485,0.07478,0.07478,120308,1647250979999,9002.72699,39,21780,1630.07930,0
1647250980000,0.07479,0.07483,0.07477,0.07483,178522,1647251039999,13354.53710,40,17824,1333.44749,0
1647251040000,0.07483,0.07483,0.07478,0.07479,31539,1647251099999,2360.00236,19,816,61.02864,0
1647251100000,0.07482,0.07482,0.07474,0.07480,117240,1647251159999,8766.08394,48,45308,3387.94573,0
1647251160000,0.07478,0.07484,0.07475,0.07476,141590,1647251219999,10587.16892,54,42141,3151.14009,0
1647251220000,0.07476,0.07480,0.07475,0.07479,27957,1647251279999,2090.35358,29,11431,854.86274,0
1647251280000,0.07479,0.07483,0.07473,0.07474,50172,1647251339999,3751.94305,35,10471,783.35692,0
1647251340000,0.07474,0.07486,0.07474,0.07480,82853,1647251399999,6198.37804,42,37631,2815.72395,0
1647251400000,0.07479,0.07480,0.07478,0.07479,34495,1647251459999,2579.88920,14,6969,521.22151,0
1647251460000,0.07477,0.07482,0.07476,0.07481,73004,1647251519999,5460.01864,33,35750,2673.68038,0
1647251520000,0.07479,0.07494,0.07476,0.07491,183335,1647251579999,13728.70551,59,160796,12042.75803,0
1647251580000,0.07491,0.07500,0.07489,0.07492,261497,1647251639999,19601.72167,67,115458,8656.48221,0
1647251640000,0.07494,0.07515,0.07492,0.07506,468417,1647251699999,35151.04512,161,249080,18688.31867,0
1647251700000,0.07506,0.07511,0.07499,0.07499,317674,1647251759999,23836.59612,99,177021,13285.20946,0
1647251760000,0.07504,0.07509,0.07498,0.07504,191928,1647251819999,14398.79737,74,35590,2670.90454,0
1647251820000,0.07503,0.07505,0.07499,0.07501,94879,1647251879999,7118.82995,52,71743,5383.39130,0
1647251880000,0.07505,0.07505,0.07479,0.07481,665244,1647251939999,49845.56807,165,54362,4070.17455,0
1647251940000,0.07482,0.07482,0.07457,0.07461,594158,1647251999999,44395.33032,177,197232,14746.79792,0
1647252000000,0.07462,0.07468,0.07457,0.07460,183310,1647252059999,13677.93254,77,85746,6399.30171,0
1647252060000,0.07460,0.07467,0.07456,0.07457,37715,1647252119999,2813.51545,50,7032,524.82965,0
1647252120000,0.07457,0.07460,0.07450,0.07452,224943,1647252179999,16769.84604,102,61006,4549.41653,0
1647252180000,0.07452,0.07453,0.07435,0.07442,430356,1647252239999,32040.65688,140,138289,10295.47500,0
1647252240000,0.07439,0.07443,0.07433,0.07433,76726,1647252299999,5706.16086,45,24958,1857.06743,0
1647252300000,0.07433,0.07441,0.07430,0.07431,113287,1647252359999,8421.08583,62,28766,2138.61467,0
1647252360000,0.07435,0.07444,0.07431,0.07444,195851,1647252419999,14566.34809,75,120975,8999.36766,0
1647252420000,0.07444,0.07448,0.07442,0.07448,45580,1647252479999,3393.40509,24,42784,3185.28296,0
1647252480000,0.07445,0.07447,0.07443,0.07445,25239,1647252539999,1878.67049,25,19994,1488.20704,0
1647252540000,0.07444,0.07445,0.07431,0.07439,233328,1647252599999,17359.82784,67,152540,11349.56738,0
1647252600000,0.07441,0.07442,0.07435,0.07439,42363,1647252659999,3150.95503,34,25832,1921.38055,0
1647252660000,0.07437,0.07441,0.07437,0.07438,48616,1647252719999,3616.64484,31,11697,870.32113,0
1647252720000,0.07436,0.07438,0.07431,0.07437,148754,1647252779999,11058.39161,46,114599,8519.33951,0
1647252780000,0.07438,0.07438,0.07431,0.07433,28459,1647252839999,2115.66035,24,8702,647.08740,0
1647252840000,0.07433,0.07433,0.07423,0.07432,127148,1647252899999,9443.82128,64,75695,5622.96114,0
1647252900000,0.07431,0.07433,0.07429,0.07431,21049,1647252959999,1564.11553,30,12838,954.01725,0
1647252960000,0.07430,0.07454,0.07427,0.07451,306094,1647253019999,22784.78337,104,169869,12644.51961,0
1647253020000,0.07450,0.07451,0.07443,0.07449,175076,1647253079999,13042.13497,39,40186,2993.15508,0
1647253080000,0.07449,0.07453,0.07444,0.07451,56975,1647253139999,4244.25114,30,36530,2721.42324,0
1647253140000,0.07452,0.07453,0.07447,0.07448,28188,1647253199999,2100.75680,19,7027,523.70007,0
1647253200000,0.07448,0.07450,0.07442,0.07442,62500,1647253259999,4654.07725,43,19127,1424.69536,0
1647253260000,0.07441,0.07445,0.07436,0.07436,45610,1647253319999,3393.79456,30,14320,1065.58865,0
1647253320000,0.07437,0.07437,0.07424,0.07428,58571,1647253379999,4350.79413,45,22297,1656.63760,0
1647253380000,0.07426,0.07428,0.07414,0.07414,131180,1647253439999,9733.23175,69,21717,1612.30971,0
1647253440000,0.07417,0.07428,0.07410,0.07427,148649,1647253499999,11022.77984,52,48636,3610.38148,0
1647253500000,0.07428,0.07431,0.07419,0.07427,183614,1647253559999,13637.09749,62,124849,9274.09323,0
1647253560000,0.07426,0.07427,0.07421,0.07421,27315,1647253619999,2027.45111,31,3039,225.61825,0
1647253620000,0.07422,0.07429,0.07416,0.07423,118970,1647253679999,8827.89264,51,26369,1958.07708,0
1647253680000,0.07425,0.07425,0.07416,0.07416,89974,1647253739999,6676.04312,25,2355,174.79995,0
1647253740000,0.07416,0.07422,0.07413,0.07413,49417,1647253799999,3664.61908,28,18050,1338.81764,0
1647253800000,0.07417,0.07424,0.07417,0.07423,48459,1647253859999,3596.10843,33,35506,2634.62463,0
1647253860000,0.07421,0.07424,0.07414,0.07418,112273,1647253919999,8329.62055,42,28633,2125.02356,0
1647253920000,0.07419,0.07419,0.07415,0.07415,21973,1647253979999,1629.44511,17,819,60.75865,0
1647253980000,0.07414,0.07422,0.07404,0.07421,374956,1647254039999,27782.83347,112,119155,8833.34813,0
1647254040000,0.07421,0.07421,0.07410,0.07410,92215,1647254099999,6840.58323,26,6161,456.99968,0
1647254100000,0.07412,0.07429,0.07412,0.07420,166988,1647254159999,12391.04003,79,116173,8623.72400,0
1647254160000,0.07420,0.07440,0.07420,0.07435,239231,1647254219999,17784.36714,80,164682,12240.26700,0
1647254220000,0.07431,0.07436,0.07425,0.07427,37002,1647254279999,2749.49163,22,17520,1302.11685,0
1647254280000,0.07426,0.07426,0.07419,0.07419,50102,1647254339999,3719.53380,31,19711,1463.73886,0
1647254340000,0.07419,0.07422,0.07411,0.07415,54462,1647254399999,4038.69237,41,18631,1382.04738,0
1647254400000,0.07416,0.07431,0.07415,0.07424,180608,1647254459999,13410.50418,55,155404,11539.60007,0
1647254460000,0.07424,0.07432,0.07421,0.07432,109476,1647254519999,8130.94213,59,107932,8016.34265,0
1647254520000,0.07432,0.07442,0.07432,0.07438,173456,1647254579999,12900.36484,72,165217,12287.42882,0
1647254580000,0.07440,0.07448,0.07440,0.07448,113966,1647254639999,8484.42545,36,73500,5471.52337,0
1647254640000,0.07447,0.07459,0.07447,0.07451,154186,1647254699999,11491.15497,65,118257,8813.09728,0
1647254700000,0.07453,0.07456,0.07449,0.07449,30457,1647254759999,2270.08977,26,14023,1045.35306,0
1647254760000,0.07448,0.07448,0.07433,0.07434,211800,1647254819999,15756.95810,68,67958,5054.45344,0
1647254820000,0.07435,0.07437,0.07429,0.07429,40306,1647254879999,2996.20388,30,26588,1976.61330,0
1647254880000,0.07430,0.07439,0.07428,0.07435,70138,1647254939999,5213.85833,38,62786,4667.46717,0
1647254940000,0.07435,0.07450,0.07435,0.07449,77048,1647254999999,5733.70775,47,68362,5087.64800,0
1647255000000,0.07445,0.07454,0.07441,0.07445,68907,1647255059999,5131.08830,38,19013,1416.10427,0
1647255060000,0.07446,0.07462,0.07446,0.07456,184355,1647255119999,13742.93258,60,147441,10989.36902,0
1647255120000,0.07459,0.07461,0.07458,0.07459,29859,1647255179999,2227.13529,17,13485,1005.84889,0
1647255180000,0.07457,0.07463,0.07457,0.07462,26545,1647255239999,1980.68168,20,21328,1591.45765,0
1647255240000,0.07461,0.07463,0.07461,0.07462,59212,1647255299999,4418.64807,20,32709,2440.99421,0
1647255300000,0.07460,0.07476,0.07460,0.07470,249057,1647255359999,18603.05397,87,175295,13093.03064,0
1647255360000,0.07470,0.07471,0.07466,0.07467,121310,1647255419999,9060.69336,39,18423,1376.12254,0
1647255420000,0.07471,0.07478,0.07469,0.07475,88279,1647255479999,6597.73449,38,28984,2166.43372,0
1647255480000,0.07475,0.07475,0.07467,0.07475,98424,1647255539999,7354.50641,34,39806,2974.18550,0
1647255540000,0.07472,0.07472,0.07463,0.07465,83264,1647255599999,6220.39189,19,9782,730.52141,0
1647255600000,0.07464,0.07476,0.07463,0.07476,47654,1647255659999,3557.80042,35,35118,2621.74859,0
1647255660000,0.07474,0.07483,0.07469,0.07483,272029,1647255719999,20342.26920,90,112735,8430.03041,0
1647255720000,0.07477,0.07485,0.07467,0.07472,259290,1647255779999,19390.57396,83,177690,13292.68586,0
1647255780000,0.07473,0.07482,0.07473,0.07475,108163,1647255839999,8088.16889,40,47029,3516.47969,0
1647255840000,0.07479,0.07479,0.07468,0.07469,87739,1647255899999,6556.16724,26,45460,3396.30883,0
1647255900000,0.07473,0.07476,0.07465,0.07468,55506,1647255959999,4148.05077,32,42333,3164.14856,0
1647255960000,0.07468,0.07476,0.07468,0.07470,138937,1647256019999,10383.92819,40,119454,8927.65974,0
1647256020000,0.07469,0.07469,0.07463,0.07465,51102,1647256079999,3815.37375,19,8268,617.05432,0
1647256080000,0.07467,0.07476,0.07467,0.07472,89355,1647256139999,6677.05519,40,66409,4962.85339,0
1647256140000,0.07469,0.07472,0.07464,0.07470,70106,1647256199999,5234.83241,30,27381,2044.56642,0
1647256200000,0.07472,0.07486,0.07472,0.07486,102396,1647256259999,7660.30156,50,81217,6075.79448,0
1647256260000,0.07486,0.07489,0.07479,0.07483,187839,1647256319999,14061.37009,57,141257,10574.55351,0
1647256320000,0.07480,0.07481,0.07474,0.07474,155984,1647256379999,11660.37748,37,120418,9001.32367,0
1647256380000,0.07473,0.07491,0.07473,0.07491,53823,1647256439999,4026.38448,32,52159,3901.96379,0
1647256440000,0.07487,0.07494,0.07487,0.07487,110999,1647256499999,8313.37901,37,50355,3771.49025,0
1647256500000,0.07490,0.07499,0.07487,0.07497,92210,1647256559999,6911.34669,46,77925,5840.66186,0
1647256560000,0.07500,0.07513,0.07493,0.07513,420223,1647256619999,31530.86579,147,280052,21016.89655,0
1647256620000,0.07510,0.07528,0.07507,0.07521,654736,1647256679999,49226.48931,184,402931,30298.73999,0
1647256680000,0.07523,0.07523,0.07506,0.07510,226308,1647256739999,17004.41331,81,55357,4161.33757,0
1647256740000,0.07506,0.07511,0.07503,0.07503,102524,1647256799999,7696.06797,48,14635,1098.99263,0
1647256800000,0.07503,0.07524,0.07500,0.07521,132935,1647256859999,9983.35432,63,128654,9662.02522,0
1647256860000,0.07524,0.07524,0.07510,0.07510,129773,1647256919999,9756.42800,39,14212,1068.00745,0
1647256920000,0.07510,0.07515,0.07509,0.07514,68477,1647256979999,5143.74923,45,35315,2653.16843,0
1647256980000,0.07514,0.07516,0.07508,0.07513,103687,1647257039999,7788.98666,36,37480,2816.47389,0
1647257040000,0.07513,0.07518,0.07510,0.07510,52483,1647257099999,3942.20119,29,16200,1217.20891,0
1647257100000,0.07511,0.07511,0.07487,0.07498,389309,1647257159999,29181.86471,112,50915,3815.75235,0
1647257160000,0.07499,0.07499,0.07490,0.07491,178767,1647257219999,13394.15823,59,42459,3181.32407,0
1647257220000,0.07491,0.07492,0.07484,0.07490,109573,1647257279999,8207.07692,39,61200,4584.70027,0
1647257280000,0.07490,0.07492,0.07482,0.07482,260311,1647257339999,19488.33441,69,61346,4594.10905,0
1647257340000,0.07480,0.07481,0.07460,0.07469,293646,1647257399999,21941.99145,135,158003,11812.02084,0
1647257400000,0.07464,0.07474,0.07455,0.07474,214174,1647257459999,15983.28798,84,62038,4633.46551,0
1647257460000,0.07475,0.07475,0.07458,0.07458,218544,1647257519999,16319.75557,79,64201,4797.28042,0
1647257520000,0.07459,0.07466,0.07444,0.07445,321713,1647257579999,23987.32328,106,84437,6296.70913,0
1647257580000,0.07447,0.07449,0.07444,0.07447,73170,1647257639999,5448.17116,36,37999,2829.25976,0
1647257640000,0.07446,0.07454,0.07443,0.07453,87239,1647257699999,6496.79912,56,75139,5595.70964,0
1647257700000,0.07456,0.07457,0.07451,0.07454,23669,1647257759999,1763.90939,23,11115,828.44339,0
1647257760000,0.07456,0.07459,0.07443,0.07443,54294,1647257819999,4046.17840,42,21853,1628.67268,0
1647257820000,0.07443,0.07443,0.07436,0.07436,60731,1647257879999,4518.70294,39,23572,1754.41243,0
1647257880000,0.07437,0.07441,0.07435,0.07437,126809,1647257939999,9429.65128,43,116889,8691.98677,0
1647257940000,0.07436,0.07445,0.07436,0.07445,138106,1647257999999,10272.12972,35,110379,8210.03958,0
1647258000000,0.07441,0.07451,0.07439,0.07450,46136,1647258059999,3434.81852,33,24088,1794.22370,0
1647258060000,0.07449,0.07452,0.07443,0.07443,17283,1647258119999,1287.72780,16,3013,224.49389,0
1647258120000,0.07443,0.07449,0.07442,0.07445,87721,1647258179999,6530.29865,26,80530,5995.13683,0
1647258180000,0.07445,0.07446,0.07437,0.07437,32084,1647258239999,2387.54634,17,6680,497.27834,0
1647258240000,0.07437,0.07438,0.07428,0.07428,297392,1647258299999,22109.88192,48,30542,2271.69356,0
1647258300000,0.07427,0.07433,0.07423,0.07432,160257,1647258359999,11901.65289,52,62308,4628.45851,0
1647258360000,0.07434,0.07436,0.07423,0.07436,182976,1647258419999,13596.32211,63,127997,9511.62074,0
1647258420000,0.07438,0.07442,0.07426,0.07434,86129,1647258479999,6402.15684,45,14965,1113.12587,0
1647258480000,0.07431,0.07433,0.07419,0.07421,24453,1647258539999,1814.94286,23,3378,250.89496,0
1647258540000,0.07421,0.07427,0.07420,0.07427,29402,1647258599999,2182.63886,18,26286,1951.24470,0
1647258600000,0.07426,0.07435,0.07424,0.07433,33787,1647258659999,2510.67758,26,11736,872.22797,0
1647258660000,0.07437,0.07437,0.07428,0.07428,19487,1647258719999,1448.12500,27,7496,557.19997,0
1647258720000,0.07429,0.07431,0.07427,0.07431,19922,1647258779999,1480.18463,21,15104,1122.27704,0
1647258780000,0.07430,0.07433,0.07430,0.07430,32232,1647258839999,2395.35799,20,28567,2122.97614,0
1647258840000,0.07433,0.07434,0.07429,0.07432,31318,1647258899999,2327.50188,21,16515,1227.40865,0
1647258900000,0.07433,0.07448,0.07431,0.07448,223388,1647258959999,16618.59431,66,138384,10296.72197,0
1647258960000,0.07447,0.07451,0.07438,0.07442,84886,1647259019999,6321.53821,44,64527,4806.26992,0
1647259020000,0.07444,0.07448,0.07443,0.07447,37750,1647259079999,2810.24401,22,21929,1632.65979,0
1647259080000,0.07444,0.07444,0.07428,0.07433,252003,1647259139999,18734.05909,76,25004,1858.97050,0
1647259140000,0.07431,0.07433,0.07424,0.07427,354961,1647259199999,26371.56075,53,309257,22976.46141,0
1647259200000,0.07424,0.07432,0.07419,0.07428,46896,1647259259999,3481.67716,39,32560,2417.43334,0
1647259260000,0.07426,0.07441,0.07426,0.07437,54861,1647259319999,4078.86899,51,29222,2172.50034,0
1647259320000,0.07434,0.07473,0.07432,0.07455,873608,1647259379999,65109.37876,235,745435,55554.61042,0
1647259380000,0.07453,0.07466,0.07451,0.07465,239470,1647259439999,17867.03579,72,82389,6146.27677,0
1647259440000,0.07462,0.07465,0.07457,0.07462,131030,1647259499999,9777.37519,64,72475,5408.78632,0
1647259500000,0.07455,0.07464,0.07453,0.07463,52885,1647259559999,3945.18170,42,17118,1277.31261,0
1647259560000,0.07459,0.07462,0.07455,0.07455,48990,1647259619999,3654.34610,29,2337,174.32877,0
1647259620000,0.07456,0.07463,0.07455,0.07463,42231,1647259679999,3150.06758,20,17929,1336.83764,0
1647259680000,0.07466,0.07469,0.07458,0.07461,166015,1647259739999,12395.34789,40,13195,985.37574,0
1647259740000,0.07462,0.07462,0.07455,0.07455,58734,1647259799999,4381.24628,34,18621,1389.03774,0
1647259800000,0.07454,0.07455,0.07440,0.07443,140723,1647259859999,10479.98042,50,27005,2011.57055,0
1647259860000,0.07446,0.07450,0.07429,0.07432,96238,1647259919999,7163.30839,52,21677,1613.74181,0
1647259920000,0.07431,0.07442,0.07431,0.07436,84519,1647259979999,6285.69587,40,69501,5168.36442,0
1647259980000,0.07441,0.07443,0.07436,0.07436,37184,1647260039999,2766.97836,22,31924,2375.64536,0
1647260040000,0.07436,0.07440,0.07430,0.07431,56429,1647260099999,4195.33019,39,19548,1454.10158,0
1647260100000,0.07437,0.07455,0.07435,0.07455,62676,1647260159999,4665.27704,35,44361,3302.76083,0
1647260160000,0.07457,0.07460,0.07446,0.07460,248849,1647260219999,18548.16770,83,105331,7854.09245,0
1647260220000,0.07460,0.07460,0.07447,0.07448,48654,1647260279999,3626.99507,27,16538,1233.04370,0
1647260280000,0.07444,0.07444,0.07425,0.07425,247381,1647260339999,18385.43175,75,56711,4218.19011,0
1647260340000,0.07424,0.07431,0.07420,0.07420,55448,1647260399999,4116.11290,30,10396,772.05641,0
1647260400000,0.07416,0.07424,0.07415,0.07422,32693,1647260459999,2426.08135,22,7901,586.50858,0
1647260460000,0.07422,0.07430,0.07422,0.07423,162294,1647260519999,12051.12705,50,98732,7333.17087,0
1647260520000,0.07423,0.07426,0.07419,0.07422,75286,1647260579999,5589.62323,27,30318,2251.06193,0
1647260580000,0.07420,0.07422,0.07418,0.07421,18949,1647260639999,1405.80704,23,2474,183.60267,0
1647260640000,0.07424,0.07428,0.07417,0.07420,43231,1647260699999,3208.42949,27,13297,987.08218,0
1647260700000,0.07423,0.07424,0.07417,0.07423,62975,1647260759999,4673.81204,30,54371,4035.44311,0
1647260760000,0.07419,0.07423,0.07418,0.07421,28050,1647260819999,2081.66685,19,14325,1063.04166,0
1647260820000,0.07423,0.07438,0.07423,0.07435,120344,1647260879999,8941.55394,50,105668,7850.34097,0
1647260880000,0.07429,0.07430,0.07425,0.07425,14929,1647260939999,1109.01489,11,1954,145.13810,0
1647260940000,0.07414,0.07414,0.07393,0.07396,534783,1647260999999,39575.82081,168,212503,15724.56580,0
1647261000000,0.07393,0.07412,0.07393,0.07409,236748,1647261059999,17517.83466,46,209975,15535.42339,0
1647261060000,0.07408,0.07409,0.07387,0.07392,607903,1647261119999,44954.45542,119,73581,5448.64342,0
1647261120000,0.07392,0.07394,0.07386,0.07387,139774,1647261179999,10330.54514,86,111300,8226.32113,0
1647261180000,0.07386,0.07397,0.07381,0.07396,221396,1647261239999,16365.52378,80,180373,13335.79827,0
1647261240000,0.07396,0.07405,0.07394,0.07405,47907,1647261299999,3545.00341,44,39237,2903.76777,0
1647261300000,0.07405,0.07420,0.07404,0.07418,173016,1647261359999,12821.67703,40,172293,12768.10175,0
1647261360000,0.07418,0.07430,0.07418,0.07425,151177,1647261419999,11224.68620,61,72262,5364.35890,0
1647261420000,0.07425,0.07440,0.07421,0.07435,251293,1647261479999,18671.13177,88,217056,16126.29813,0
1647261480000,0.07435,0.07445,0.07435,0.07443,82593,1647261539999,6145.48988,34,65904,4903.56130,0
1647261540000,0.07440,0.07440,0.07423,0.07425,278572,1647261599999,20699.63334,99,119115,8853.59670,0
1647261600000,0.07426,0.07455,0.07425,0.07451,288434,1647261659999,21468.81078,108,228450,17004.16145,0
1647261660000,0.07452,0.07456,0.07447,0.07447,115600,1647261719999,8613.86107,44,46571,3471.34413,0
1647261720000,0.07449,0.07464,0.07449,0.07462,127505,1647261779999,9509.33686,63,96461,7193.65480,0
1647261780000,0.07463,0.07463,0.07453,0.07453,104002,1647261839999,7755.01959,37,6931,516.78005,0
1647261840000,0.07453,0.07455,0.07445,0.07446,69864,1647261899999,5205.93783,38,7339,546.67387,0
1647261900000,0.07448,0.07452,0.07441,0.07449,42334,1647261959999,3152.27613,39,32656,2431.77515,0
1647261960000,0.07450,0.07474,0.07450,0.07473,279274,1647262019999,20843.29535,144,161417,12047.86065,0
1647262020000,0.07473,0.07492,0.07468,0.07492,378722,1647262079999,28316.10332,134,174697,13066.91915,0
1647262080000,0.07493,0.07530,0.07493,0.07510,1310670,1647262139999,98468.15649,383,859154,64551.88822,0
1647262140000,0.07511,0.07511,0.07493,0.07498,480588,1647262199999,36056.03789,148,143813,10785.04203,0
1647262200000,0.07504,0.07546,0.07494,0.07534,1013145,1647262259999,76250.39329,340,601862,45315.95577,0
1647262260000,0.07535,0.07553,0.07521,0.07528,926400,1647262319999,69811.64710,262,376721,28376.08592,0
1647262320000,0.07526,0.07529,0.07497,0.07500,638930,1647262379999,47981.43346,148,138072,10363.54095,0
1647262380000,0.07499,0.07509,0.07489,0.07502,300170,1647262439999,22513.83672,94,208231,15618.37169,0
1647262440000,0.07501,0.07506,0.07492,0.07496,183754,1647262499999,13779.94607,74,83754,6281.45615,0
1647262500000,0.07496,0.07496,0.07480,0.07488,334150,1647262559999,25023.33047,124,187496,14042.71278,0
1647262560000,0.07489,0.07520,0.07479,0.07520,447611,1647262619999,33556.52898,130,370227,27763.43416,0
1647262620000,0.07518,0.07522,0.07505,0.07508,376350,1647262679999,28282.82341,103,128906,9689.44713,0
1647262680000,0.07513,0.07533,0.07511,0.07526,245317,1647262739999,18461.85576,59,152779,11492.61095,0
1647262740000,0.07526,0.07526,0.07498,0.07507,474586,1647262799999,35621.85900,131,295391,22154.37996,0
1647262800000,0.07509,0.07515,0.07499,0.07503,193578,1647262859999,14529.18491,85,78455,5891.40768,0
1647262860000,0.07501,0.07522,0.07501,0.07508,603623,1647262919999,45312.98849,167,138694,10412.13425,0
1647262920000,0.07507,0.07507,0.07481,0.07483,600756,1647262979999,45001.08274,180,128081,9591.79656,0
1647262980000,0.07487,0.07489,0.07467,0.07478,400478,1647263039999,29942.49012,161,166333,12433.07849,0
1647263040000,0.07479,0.07489,0.07477,0.07487,244340,1647263099999,18280.10947,82,111422,8337.55509,0
1647263100000,0.07486,0.07488,0.07479,0.07479,73171,1647263159999,5476.19260,48,6903,516.71664,0
1647263160000,0.07485,0.07485,0.07473,0.07477,155135,1647263219999,11606.85210,45,44799,3350.61625,0
1647263220000,0.07478,0.07484,0.07475,0.07475,89677,1647263279999,6709.50513,29,24058,1799.62941,0
1647263280000,0.07477,0.07482,0.07476,0.07478,66418,1647263339999,4967.33177,34,28932,2164.18268,0
1647263340000,0.07480,0.07491,0.07475,0.07488,538558,1647263399999,40317.22264,121,263432,19720.04993,0
1647263400000,0.07492,0.07492,0.07487,0.07487,59284,1647263459999,4440.71566,37,5810,435.24494,0
1647263460000,0.07488,0.07488,0.07481,0.07481,86557,1647263519999,6477.93000,37,5397,404.00502,0
1647263520000,0.07481,0.07490,0.07476,0.07489,136042,1647263579999,10185.22509,56,94994,7112.53747,0
1647263580000,0.07492,0.07514,0.07491,0.07513,258570,1647263639999,19405.94798,115,184122,13815.47288,0
1647263640000,0.07513,0.07522,0.07506,0.07515,192199,1647263699999,14445.97936,87,106851,8031.76611,0
1647263700000,0.07517,0.07517,0.07501,0.07509,173558,1647263759999,13034.45166,74,95381,7163.31944,0
1647263760000,0.07508,0.07508,0.07489,0.07495,244335,1647263819999,18327.20599,91,135227,10144.80124,0
1647263820000,0.07496,0.07500,0.07485,0.07491,225762,1647263879999,16914.76129,93,104932,7863.71098,0
1647263880000,0.07492,0.07492,0.07470,0.07477,149070,1647263939999,11152.36868,71,68075,5092.93541,0
1647263940000,0.07479,0.07501,0.07479,0.07497,132600,1647263999999,9932.09022,59,88939,6659.64410,0
1647264000000,0.07500,0.07504,0.07494,0.07494,171654,1647264059999,12873.57693,70,48902,3667.06348,0
1647264060000,0.07490,0.07508,0.07487,0.07508,306685,1647264119999,22991.86902,121,251828,18881.07437,0
1647264120000,0.07508,0.07512,0.07477,0.07486,256989,1647264179999,19275.00769,103,105412,7912.07409,0
1647264180000,0.07489,0.07499,0.07486,0.07498,31123,1647264239999,2331.59096,17,12984,972.76696,0
1647264240000,0.07497,0.07503,0.07489,0.07495,84087,1647264299999,6304.74580,44,10709,803.19165,0
1647264300000,0.07495,0.07497,0.07487,0.07489,62259,1647264359999,4663.91803,35,22579,1691.48760,0
1647264360000,0.07487,0.07487,0.07477,0.07481,95953,1647264419999,7178.59377,50,32554,2435.85204,0
1647264420000,0.07483,0.07483,0.07472,0.07478,139358,1647264479999,10421.82532,44,41156,3077.55607,0
1647264480000,0.07479,0.07492,0.07479,0.07490,265587,1647264539999,19880.71992,51,225955,16912.62914,0
1647264540000,0.07493,0.07499,0.07491,0.07491,64511,1647264599999,4835.80061,24,9999,749.37141,0
1647264600000,0.07494,0.07502,0.07488,0.07496,78909,1647264659999,5914.79300,33,66791,5006.53431,0
1647264660000,0.07495,0.07525,0.07490,0.07521,416412,1647264719999,31278.63350,151,222003,16685.83735,0
1647264720000,0.07518,0.07524,0.07511,0.07514,74748,1647264779999,5617.28788,61,31485,2366.35302,0
1647264780000,0.07512,0.07524,0.07507,0.07507,629854,1647264839999,47323.66331,128,181260,13627.61069,0
1647264840000,0.07507,0.07507,0.07475,0.07484,466823,1647264899999,34964.81536,153,98712,7399.74352,0
1647264900000,0.07488,0.07499,0.07482,0.07483,62747,1647264959999,4700.82390,41,16975,1272.39854,0
1647264960000,0.07484,0.07496,0.07483,0.07496,77231,1647265019999,5780.59455,25,67672,5065.21124,0
1647265020000,0.07495,0.07501,0.07490,0.07494,97169,1647265079999,7282.05019,44,38940,2918.97542,0
1647265080000,0.07499,0.07506,0.07488,0.07490,251293,1647265139999,18842.39753,68,66873,5015.69032,0
1647265140000,0.07487,0.07492,0.07485,0.07487,83665,1647265199999,6265.07941,38,32648,2444.93694,0
1647265200000,0.07487,0.07493,0.07483,0.07490,79924,1647265259999,5984.79902,44,59301,4440.36321,0
1647265260000,0.07491,0.07497,0.07489,0.07492,163773,1647265319999,12266.76234,36,155506,11647.55126,0
1647265320000,0.07491,0.07497,0.07488,0.07494,43193,1647265379999,3236.07134,37,35547,2663.23968,0
1647265380000,0.07495,0.07499,0.07494,0.07497,61227,1647265439999,4590.10114,39,12325,923.94069,0
1647265440000,0.07498,0.07518,0.07498,0.07515,157943,1647265499999,11853.41357,75,121376,9108.35167,0
1647265500000,0.07515,0.07515,0.07511,0.07514,93053,1647265559999,6991.64564,30,21513,1616.33652,0
1647265560000,0.07514,0.07525,0.07514,0.07520,106224,1647265619999,7985.77805,65,48642,3657.38686,0
1647265620000,0.07520,0.07522,0.07511,0.07512,150082,1647265679999,11281.69187,45,15823,1188.87829,0
1647265680000,0.07512,0.07518,0.07511,0.07513,263486,1647265739999,19803.42089,68,128056,9625.17460,0
1647265740000,0.07514,0.07517,0.07499,0.07501,109675,1647265799999,8235.19491,46,24239,1820.35777,0
1647265800000,0.07501,0.07509,0.07499,0.07502,104002,1647265859999,7803.91755,47,33618,2522.84977,0
1647265860000,0.07503,0.07506,0.07502,0.07502,53432,1647265919999,4009.08731,43,27697,2078.41642,0
1647265920000,0.07502,0.07502,0.07497,0.07500,43949,1647265979999,3296.26845,29,11629,872.11093,0
1647265980000,0.07500,0.07502,0.07499,0.07500,20891,1647266039999,1566.76873,19,3963,297.20609,0
1647266040000,0.07499,0.07509,0.07499,0.07505,46446,1647266099999,3485.27380,44,12556,942.08429,0
1647266100000,0.07504,0.07504,0.07491,0.07491,71870,1647266159999,5387.71661,39,20536,1539.31284,0
1647266160000,0.07490,0.07496,0.07457,0.07469,801524,1647266219999,59915.77700,273,167761,12535.41662,0
1647266220000,0.07469,0.07472,0.07462,0.07470,71246,1647266279999,5320.65244,57,46650,3484.25283,0
1647266280000,0.07471,0.07490,0.07470,0.07490,218875,1647266339999,16370.32749,65,216504,16193.06439,0
1647266340000,0.07490,0.07520,0.07490,0.07516,421034,1647266399999,31583.60774,111,338682,25396.98106,0
1647266400000,0.07514,0.07514,0.07492,0.07506,124504,1647266459999,9338.19341,74,47590,3569.17618,0
1647266460000,0.07503,0.07574,0.07493,0.07571,1246562,1647266519999,94059.67885,383,868949,65570.98133,0
1647266520000,0.07574,0.07585,0.07538,0.07565,930454,1647266579999,70350.28655,341,447603,33847.30067,0
1647266580000,0.07561,0.07566,0.07542,0.07542,351543,1647266639999,26558.27462,127,110999,8390.25130,0
1647266640000,0.07545,0.07555,0.07545,0.07554,81562,1647266699999,6156.39126,27,66307,5004.66993,0
1647266700000,0.07553,0.07553,0.07536,0.07546,176168,1647266759999,13289.82988,78,110476,8335.78736,0
1647266760000,0.07546,0.07551,0.07487,0.07497,992669,1647266819999,74558.95768,352,168975,12686.10632,0
1647266820000,0.07502,0.07510,0.07499,0.07510,241447,1647266879999,18118.88360,42,232769,17467.69226,0
1647266880000,0.07509,0.07580,0.07496,0.07568,915969,1647266939999,69119.28429,309,775449,58541.54595,0
1647266940000,0.07570,0.07572,0.07544,0.07554,292437,1647266999999,22106.85142,113,67253,5083.67731,0
1647267000000,0.07550,0.07552,0.07540,0.07545,309791,1647267059999,23376.08854,79,227667,17179.52743,0
1647267060000,0.07543,0.07553,0.07542,0.07550,233121,1647267119999,17600.93829,68,37779,2852.38339,0
1647267120000,0.07550,0.07567,0.07550,0.07561,247038,1647267179999,18678.96788,90,149402,11296.81415,0
1647267180000,0.07561,0.07567,0.07560,0.07563,187233,1647267239999,14161.99773,64,65205,4932.62128,0
1647267240000,0.07564,0.07580,0.07559,0.07571,266344,1647267299999,20164.63675,89,111631,8454.34060,0
1647267300000,0.07571,0.07573,0.07539,0.07549,519187,1647267359999,39226.10903,198,206423,15598.43440,0
1647267360000,0.07548,0.07569,0.07546,0.07568,570478,1647267419999,43127.58684,111,339205,25645.44047,0
1647267420000,0.07566,0.07599,0.07564,0.07577,837016,1647267479999,63499.29563,293,451004,34216.95393,0
1647267480000,0.07574,0.07580,0.07566,0.07571,157466,1647267539999,11924.56220,64,44789,3391.96632,0
1647267540000,0.07569,0.07580,0.07569,0.07571,200086,1647267599999,15156.62215,89,74382,5635.29752,0
1647267600000,0.07570,0.07581,0.07547,0.07553,334025,1647267659999,25271.50554,104,134591,10190.66414,0
1647267660000,0.07554,0.07576,0.07554,0.07574,443236,1647267719999,33521.40818,124,254789,19275.80712,0
1647267720000,0.07573,0.07593,0.07572,0.07583,931352,1647267779999,70618.29253,221,598063,45342.28980,0
1647267780000,0.07584,0.07584,0.07565,0.07565,87503,1647267839999,6626.62292,54,8264,626.12232,0
1647267840000,0.07564,0.07574,0.07560,0.07569,232622,1647267899999,17599.98676,95,126581,9579.36034,0
1647267900000,0.07569,0.07577,0.07565,0.07567,256337,1647267959999,19408.08744,93,133620,10118.46360,0
1647267960000,0.07567,0.07567,0.07544,0.07563,576838,1647268019999,43596.53893,144,87650,6621.15869,0
1647268020000,0.07561,0.07565,0.07545,0.07546,254418,1647268079999,19225.96531,93,68243,5157.25998,0
1647268080000,0.07546,0.07566,0.07545,0.07563,689106,1647268139999,52102.24631,126,412428,31179.97986,0
1647268140000,0.07562,0.07581,0.07556,0.07580,210515,1647268199999,15933.01978,102,125244,9482.23342,0
1647268200000,0.07577,0.07579,0.07563,0.07569,207394,1647268259999,15705.51005,90,72487,5489.27077,0
1647268260000,0.07569,0.07585,0.07557,0.07559,436418,1647268319999,33046.66636,151,73176,5544.71351,0
1647268320000,0.07559,0.07573,0.07559,0.07572,174666,1647268379999,13213.36315,61,127240,9623.00345,0
1647268380000,0.07572,0.07594,0.07566,0.07566,1083406,1647268439999,82134.25967,289,684068,51870.71303,0
1647268440000,0.07570,0.07580,0.07570,0.07580,129849,1647268499999,9834.64762,80,85732,6493.03363,0
1647268500000,0.07580,0.07608,0.07574,0.07608,887080,1647268559999,67377.19978,384,700754,53235.96207,0
1647268560000,0.07608,0.07609,0.07554,0.07560,946199,1647268619999,71692.53226,317,199713,15141.78161,0
1647268620000,0.07561,0.07569,0.07558,0.07568,134042,1647268679999,10137.49524,75,98252,7431.61947,0
1647268680000,0.07567,0.07573,0.07566,0.07567,68485,1647268739999,5183.31616,36,10031,759.46776,0
1647268740000,0.07566,0.07577,0.07562,0.07570,261826,1647268799999,19820.94148,80,129910,9837.98815,0
1647268800000,0.07571,0.07571,0.07531,0.07537,508134,1647268859999,38365.65302,160,61765,4665.09239,0
1647268860000,0.07533,0.07550,0.07523,0.07542,266105,1647268919999,20048.08310,115,123379,9300.20920,0
1647268920000,0.07542,0.07542,0.07493,0.07517,667000,1647268979999,50112.32860,255,130144,9778.78664,0
1647268980000,0.07517,0.07517,0.07490,0.07490,262169,1647269039999,19672.09626,156,71033,5332.60706,0
1647269040000,0.07491,0.07498,0.07481,0.07497,572062,1647269099999,42832.48698,181,432217,32361.32336,0
1647269100000,0.07498,0.07512,0.07496,0.07500,56100,1647269159999,4208.29404,59,31047,2329.32057,0
1647269160000,0.07495,0.07506,0.07486,0.07505,216990,1647269219999,16261.96649,100,95965,7193.31519,0
1647269220000,0.07503,0.07516,0.07500,0.07514,69803,1647269279999,5237.85342,44,44036,3304.68958,0
1647269280000,0.07514,0.07516,0.07508,0.07514,58960,1647269339999,4429.38267,35,46069,3461.19166,0
1647269340000,0.07515,0.07516,0.07511,0.07512,70299,1647269399999,5282.74148,33,45061,3386.38979,0
1647269400000,0.07513,0.07515,0.07501,0.07508,58849,1647269459999,4417.93059,47,29900,2244.89354,0
1647269460000,0.07508,0.07516,0.07502,0.07516,129900,1647269519999,9753.31818,52,75101,5639.26197,0
1647269520000,0.07518,0.07531,0.07515,0.07521,106635,1647269579999,8023.54932,65,87972,6620.18449,0
1647269580000,0.07522,0.07526,0.07516,0.07519,97374,1647269639999,7322.62630,48,37584,2826.66286,0
1647269640000,0.07518,0.07527,0.07518,0.07527,73114,1647269699999,5499.73213,40,48637,3658.59483,0
1647269700000,0.07523,0.07538,0.07522,0.07538,161229,1647269759999,12139.99289,70,96818,7291.54775,0
1647269760000,0.07539,0.07555,0.07539,0.07548,204114,1647269819999,15404.27991,117,155871,11764.15306,0
1647269820000,0.07545,0.07560,0.07544,0.07559,248475,1647269879999,18770.03004,108,168268,12712.69597,0
1647269880000,0.07559,0.07564,0.07549,0.07557,235450,1647269939999,17790.79451,108,54928,4151.96899,0
1647269940000,0.07555,0.07563,0.07546,0.07551,557397,1647269999999,42078.04537,79,463209,34963.49193,0
1647270000000,0.07555,0.07561,0.07547,0.07548,347854,1647270059999,26280.32378,77,28106,2123.69339,0
1647270060000,0.07553,0.07553,0.07525,0.07542,239638,1647270119999,18065.29020,125,51884,3910.54244,0
1647270120000,0.07539,0.07552,0.07520,0.07548,432773,1647270179999,32614.70115,130,166203,12528.61649,0
1647270180000,0.07549,0.07552,0.07544,0.07544,91090,1647270239999,6875.37038,49,5698,430.23114,0
1647270240000,0.07547,0.07552,0.07547,0.07551,17905,1647270299999,1351.88094,20,4055,306.20801,0
1647270300000,0.07551,0.07561,0.07550,0.07560,118884,1647270359999,8983.35368,54,85462,6459.06614,0
1647270360000,0.07561,0.07561,0.07541,0.07545,234527,1647270419999,17723.09900,79,46865,3543.26725,0
1647270420000,0.07546,0.07546,0.07527,0.07529,123825,1647270479999,9330.54350,43,26549,1999.37312,0
1647270480000,0.07533,0.07536,0.07527,0.07532,61045,1647270539999,4597.36484,43,21403,1612.26274,0
1647270540000,0.07535,0.07558,0.07535,0.07558,169513,1647270599999,12786.80116,50,140110,10567.80807,0
1647270600000,0.07558,0.07565,0.07555,0.07558,117142,1647270659999,8857.64106,49,91404,6911.72293,0
1647270660000,0.07558,0.07561,0.07546,0.07561,61010,1647270719999,4608.57777,33,21824,1649.62452,0
1647270720000,0.07564,0.07582,0.07564,0.07574,372162,1647270779999,28175.20955,100,311950,23615.27294,0
1647270780000,0.07576,0.07576,0.07557,0.07564,255817,1647270839999,19351.46139,68,164827,12466.71891,0
1647270840000,0.07568,0.07575,0.07560,0.07561,79587,1647270899999,6021.08980,44,16475,1246.38607,0
1647270900000,0.07562,0.07565,0.07560,0.07561,51420,1647270959999,3888.86436,29,21595,1633.44247,0
1647270960000,0.07564,0.07574,0.07562,0.07562,121222,1647271019999,9174.74977,58,79344,6005.31902,0
1647271020000,0.07562,0.07569,0.07538,0.07543,230725,1647271079999,17429.91119,99,29451,2224.61433,0
1647271080000,0.07544,0.07546,0.07533,0.07540,61685,1647271139999,4650.72484,40,27793,2096.10441,0
1647271140000,0.07541,0.07541,0.07529,0.07529,172556,1647271199999,12998.68080,62,17689,1333.83213,0
1647271200000,0.07537,0.07537,0.07521,0.07531,360688,1647271259999,27157.80604,87,177003,13325.63499,0
1647271260000,0.07527,0.07533,0.07526,0.07530,55872,1647271319999,4207.30631,39,23465,1767.41757,0
1647271320000,0.07530,0.07552,0.07527,0.07548,522342,1647271379999,39365.20315,64,509958,38431.51798,0
1647271380000,0.07551,0.07552,0.07544,0.07547,42713,1647271439999,3224.32662,35,5383,406.42906,0
1647271440000,0.07549,0.07552,0.07546,0.07552,17136,1647271499999,1293.84204,31,7482,564.99525,0
1647271500000,0.07553,0.07556,0.07552,0.07553,37488,1647271559999,2831.86853,20,24441,1846.32052,0
1647271560000,0.07554,0.07557,0.07545,0.07555,111244,1647271619999,8400.12145,45,30382,2293.76670,0
1647271620000,0.07553,0.07556,0.07547,0.07549,43499,1647271679999,3285.26629,29,29099,2198.02217,0
1647271680000,0.07548,0.07558,0.07540,0.07551,369737,1647271739999,27926.19126,88,121119,9144.31847,0
1647271740000,0.07548,0.07562,0.07541,0.07556,106827,1647271799999,8067.13861,55,77531,5854.79909,0
1647271800000,0.07559,0.07576,0.07557,0.07560,349779,1647271859999,26465.61829,109,187881,14212.13311,0
1647271860000,0.07562,0.07572,0.07553,0.07568,102047,1647271919999,7720.61157,60,88837,6722.20079,0
1647271920000,0.07566,0.07568,0.07561,0.07567,89165,1647271979999,6744.08815,47,23864,1805.20936,0
1647271980000,0.07566,0.07573,0.07560,0.07566,519713,1647272039999,39306.27204,115,157457,11917.41233,0
1647272040000,0.07566,0.07573,0.07560,0.07564,239808,1647272099999,18144.05759,92,130539,9880.17669,0
1647272100000,0.07564,0.07573,0.07563,0.07573,148386,1647272159999,11228.43296,66,88320,6683.96953,0
1647272160000,0.07573,0.07582,0.07567,0.07579,465501,1647272219999,35268.17516,149,245743,18623.48386,0
1647272220000,0.07580,0.07599,0.07576,0.07581,1166391,1647272279999,88471.20318,313,639127,48489.95155,0
1647272280000,0.07579,0.07585,0.07578,0.07580,86358,1647272339999,6546.35605,62,39339,2982.36040,0
1647272340000,0.07579,0.07597,0.07579,0.07589,370614,1647272399999,28123.73892,132,109425,8306.62718,0
1647272400000,0.07587,0.07587,0.07558,0.07558,673799,1647272459999,50989.89770,169,166203,12576.32109,0
1647272460000,0.07559,0.07575,0.07554,0.07567,334499,1647272519999,25306.73895,115,187546,14195.09747,0
1647272520000,0.07568,0.07576,0.07567,0.07573,101108,1647272579999,7654.96352,45,86128,6520.87287,0
1647272580000,0.07575,0.07582,0.07568,0.07577,200526,1647272639999,15190.79373,79,72086,5461.56269,0
1647272640000,0.07577,0.07578,0.07543,0.07543,392031,1647272699999,29635.30663,139,18881,1427.44541,0
1647272700000,0.07543,0.07554,0.07540,0.07550,244031,1647272759999,18418.04074,87,143732,10850.64592,0
1647272760000,0.07550,0.07559,0.07545,0.07552,176222,1647272819999,13305.37312,66,119711,9039.62259,0
1647272820000,0.07551,0.07552,0.07537,0.07537,93771,1647272879999,7077.43088,69,46338,3498.18093,0
1647272880000,0.07543,0.07543,0.07522,0.07523,468624,1647272939999,35294.98882,153,215949,16271.42376,0
1647272940000,0.07526,0.07550,0.07526,0.07549,163897,1647272999999,12360.34087,75,123452,9310.44887,0
1647273000000,0.07546,0.07551,0.07542,0.07547,105535,1647273059999,7964.56971,74,70831,5346.34460,0
1647273060000,0.07546,0.07563,0.07546,0.07563,178807,1647273119999,13507.52549,80,131525,9938.31860,0
1647273120000,0.07561,0.07561,0.07545,0.07548,156711,1647273179999,11836.32991,71,42536,3212.82929,0
1647273180000,0.07549,0.07575,0.07548,0.07574,170248,1647273239999,12876.25458,80,142580,10785.95562,0
1647273240000,0.07573,0.07574,0.07561,0.07568,111277,1647273299999,8420.10511,59,16447,1244.83636,0
1647273300000,0.07568,0.07577,0.07554,0.07555,162278,1647273359999,12286.88036,74,22406,1696.08682,0
1647273360000,0.07558,0.07558,0.07532,0.07537,278653,1647273419999,21026.03704,122,66586,5026.26259,0
1647273420000,0.07539,0.07550,0.07538,0.07547,214003,1647273479999,16149.38672,69,90943,6860.46961,0
1647273480000,0.07547,0.07558,0.07547,0.07553,21045,1647273539999,1589.12044,20,15128,1142.10630,0
1647273540000,0.07555,0.07558,0.07555,0.07557,177956,1647273599999,13447.91120,44,124394,9400.23086,0
1647273600000,0.07555,0.07579,0.07554,0.07573,281755,1647273659999,21318.68540,106,227834,17235.70464,0
1647273660000,0.07572,0.07578,0.07566,0.07575,123034,1647273719999,9319.90276,67,9023,683.58098,0
1647273720000,0.07575,0.07576,0.07562,0.07562,216620,1647273779999,16395.30688,101,75604,5722.95998,0
1647273780000,0.07562,0.07562,0.07527,0.07543,1060153,1647273839999,79971.64602,233,571511,43095.54892,0
1647273840000,0.07541,0.07558,0.07540,0.07558,139100,1647273899999,10503.13033,68,86950,6565.55191,0
1647273900000,0.07557,0.07557,0.07532,0.07532,255959,1647273959999,19309.38167,125,125158,9440.24246,0
1647273960000,0.07540,0.07555,0.07536,0.07552,78844,1647274019999,5951.06712,56,46361,3498.72432,0
1647274020000,0.07555,0.07560,0.07554,0.07559,42301,1647274079999,3197.07968,29,19495,1473.45221,0
1647274080000,0.07557,0.07557,0.07550,0.07554,166671,1647274139999,12588.04269,31,107198,8095.33247,0
1647274140000,0.07556,0.07556,0.07536,0.07539,161170,1647274199999,12157.85519,57,100891,7607.85206,0
1647274200000,0.07539,0.07551,0.07539,0.07547,115301,1647274259999,8697.38774,35,76345,5757.12219,0
1647274260000,0.07544,0.07551,0.07544,0.07551,8386,1647274319999,633.17666,15,6325,477.56757,0
1647274320000,0.07551,0.07551,0.07520,0.07528,293582,1647274379999,22110.37609,103,121781,9171.33279,0
1647274380000,0.07527,0.07535,0.07517,0.07520,203144,1647274439999,15280.55395,72,79083,5947.46251,0
1647274440000,0.07521,0.07532,0.07517,0.07524,141368,1647274499999,10637.10622,62,86245,6491.96524,0
1647274500000,0.07527,0.07530,0.07501,0.07520,423181,1647274559999,31794.77719,155,89593,6731.04968,0
1647274560000,0.07517,0.07520,0.07506,0.07519,95958,1647274619999,7211.02977,66,46005,3456.92958,0
1647274620000,0.07518,0.07528,0.07514,0.07520,94370,1647274679999,7097.47681,65,53558,4028.63594,0
1647274680000,0.07516,0.07520,0.07510,0.07518,55769,1647274739999,4191.28383,41,31539,2370.81168,0
1647274740000,0.07519,0.07529,0.07503,0.07510,335410,1647274799999,25206.95276,124,85892,6455.97871,0
1647274800000,0.07511,0.07517,0.07509,0.07509,58247,1647274859999,4376.57599,32,23882,1794.44952,0
1647274860000,0.07509,0.07510,0.07502,0.07510,100018,1647274919999,7507.73332,54,29949,2248.76988,0
1647274920000,0.07507,0.07517,0.07507,0.07513,323034,1647274979999,24265.38158,54,261957,19677.83478,0
1647274980000,0.07514,0.07537,0.07514,0.07534,250276,1647275039999,18840.11628,88,208646,15704.16546,0
1647275040000,0.07532,0.07536,0.07525,0.07526,65645,1647275099999,4941.78683,44,22606,1701.79651,0
1647275100000,0.07527,0.07538,0.07526,0.07526,89092,1647275159999,6708.60299,42,55134,4152.31202,0
1647275160000,0.07526,0.07526,0.07514,0.07518,112877,1647275219999,8488.28230,57,3109,233.82789,0
1647275220000,0.07519,0.07528,0.07516,0.07516,105593,1647275279999,7943.41822,46,67277,5062.38342,0
1647275280000,0.07516,0.07517,0.07506,0.07510,137461,1647275339999,10323.81768,64,2331,175.15864,0
1647275340000,0.07511,0.07521,0.07510,0.07512,192440,1647275399999,14467.40851,75,61422,4617.22280,0
1647275400000,0.07512,0.07513,0.07500,0.07502,147207,1647275459999,11049.37540,81,33180,2490.88607,0
1647275460000,0.07501,0.07501,0.07484,0.07488,357593,1647275519999,26792.50725,144,31220,2338.96320,0
1647275520000,0.07490,0.07501,0.07490,0.07499,106174,1647275579999,7959.18800,56,58203,4364.48698,0
1647275580000,0.07502,0.07508,0.07498,0.07504,90947,1647275639999,6824.32658,46,36853,2766.04360,0
1647275640000,0.07504,0.07509,0.07497,0.07500,139106,1647275699999,10436.02403,50,32892,2467.55131,0
1647275700000,0.07497,0.07502,0.07497,0.07499,93101,1647275759999,6981.63270,48,26774,2008.05541,0
1647275760000,0.07499,0.07510,0.07497,0.07504,142236,1647275819999,10674.43275,81,72426,5436.11023,0
1647275820000,0.07505,0.07508,0.07495,0.07495,62307,1647275879999,4674.50295,48,12161,912.64336,0
1647275880000,0.07495,0.07504,0.07477,0.07484,562086,1647275939999,42078.89441,202,174153,13038.51951,0
1647275940000,0.07486,0.07494,0.07481,0.07488,136149,1647275999999,10197.03204,84,86869,6506.64815,0
1647276000000,0.07485,0.07493,0.07484,0.07489,91990,1647276059999,6888.61359,59,36027,2697.95688,0
1647276060000,0.07489,0.07489,0.07464,0.07477,511485,1647276119999,38217.26790,180,109183,8155.41394,0
1647276120000,0.07478,0.07484,0.07475,0.07482,108097,1647276179999,8085.55570,72,82255,6152.75067,0
1647276180000,0.07482,0.07486,0.07480,0.07480,278442,1647276239999,20830.73466,78,142706,10676.92598,0
1647276240000,0.07480,0.07489,0.07476,0.07480,375115,1647276299999,28068.20800,80,291372,21803.78737,0
1647276300000,0.07479,0.07481,0.07475,0.07477,75882,1647276359999,5673.80969,75,15736,1177.01733,0
1647276360000,0.07476,0.07476,0.07464,0.07464,190579,1647276419999,14233.35593,134,27257,2035.49683,0
1647276420000,0.07464,0.07471,0.07461,0.07466,137017,1647276479999,10229.98792,94,102490,7652.91463,0
1647276480000,0.07465,0.07472,0.07459,0.07464,86294,1647276539999,6440.37388,55,65028,4853.50609,0
1647276540000,0.07465,0.07480,0.07465,0.07478,245432,1647276599999,18348.52679,74,227286,16992.18807,0
1647276600000,0.07475,0.07482,0.07470,0.07470,273942,1647276659999,20483.42628,94,184307,13784.19346,0
1647276660000,0.07470,0.07479,0.07469,0.07477,138475,1647276719999,10349.64415,72,97829,7313.19514,0
1647276720000,0.07474,0.07476,0.07466,0.07466,77992,1647276779999,5825.61924,56,42467,3172.39578,0
1647276780000,0.07467,0.07474,0.07467,0.07472,52121,1647276839999,3893.25315,35,46160,3448.02978,0
1647276840000,0.07472,0.07475,0.07470,0.07471,45125,1647276899999,3371.86175,45,39583,2957.83111,0
1647276900000,0.07472,0.07476,0.07467,0.07471,60588,1647276959999,4527.08083,44,43578,3256.33166,0
1647276960000,0.07473,0.07476,0.07470,0.07471,14004,1647277019999,1046.41599,21,9541,712.96304,0
1647277020000,0.07471,0.07472,0.07464,0.07467,80371,1647277079999,6002.36406,54,28390,2120.71906,0
1647277080000,0.07463,0.07469,0.07461,0.07467,63175,1647277139999,4717.48279,30,49093,3666.56100,0
1647277140000,0.07467,0.07467,0.07446,0.07447,200004,1647277199999,14905.48936,74,24298,1810.45865,0
1647277200000,0.07446,0.07458,0.07446,0.07453,347520,1647277259999,25885.77487,86,266156,19824.66067,0
1647277260000,0.07451,0.07454,0.07433,0.07440,432024,1647277319999,32147.30721,173,123138,9165.78656,0
1647277320000,0.07436,0.07439,0.07409,0.07426,760437,1647277379999,56453.65458,236,280093,20808.15172,0
1647277380000,0.07425,0.07436,0.07425,0.07433,232602,1647277439999,17283.50768,123,143328,10650.11284,0
1647277440000,0.07434,0.07440,0.07430,0.07437,79866,1647277499999,5938.13744,54,40041,2977.96186,0
1647277500000,0.07437,0.07444,0.07433,0.07437,183142,1647277559999,13621.86195,62,95545,7108.60994,0
1647277560000,0.07435,0.07441,0.07423,0.07441,156669,1647277619999,11641.68487,72,56812,4222.64417,0
1647277620000,0.07440,0.07442,0.07426,0.07439,75359,1647277679999,5605.19636,40,17108,1272.95639,0
1647277680000,0.07440,0.07442,0.07434,0.07439,20318,1647277739999,1511.38871,19,10758,800.36279,0
1647277740000,0.07439,0.07447,0.07435,0.07447,90334,1647277799999,6723.23621,42,78783,5864.08228,0
1647277800000,0.07447,0.07452,0.07442,0.07443,45267,1647277859999,3370.41738,31,12858,957.63872,0
1647277860000,0.07445,0.07463,0.07444,0.07462,100466,1647277919999,7487.69267,54,86254,6429.38456,0
1647277920000,0.07460,0.07468,0.07460,0.07466,168089,1647277979999,12548.54284,73,101090,7547.31575,0
1647277980000,0.07464,0.07475,0.07464,0.07466,355655,1647278039999,26566.79743,92,230260,17201.96755,0
1647278040000,0.07467,0.07469,0.07458,0.07461,103344,1647278099999,7711.51963,51,15343,1144.65183,0
1647278100000,0.07462,0.07463,0.07447,0.07461,83861,1647278159999,6253.07654,62,40255,3002.65453,0
1647278160000,0.07459,0.07469,0.07459,0.07469,77038,1647278219999,5751.53652,51,62870,4693.84412,0
1647278220000,0.07468,0.07469,0.07464,0.07464,88502,1647278279999,6609.08725,38,1205,89.96921,0
1647278280000,0.07462,0.07469,0.07461,0.07464,63477,1647278339999,4738.30968,47,29927,2233.91143,0
1647278340000,0.07464,0.07469,0.07463,0.07465,27581,1647278399999,2059.48750,19,18710,1397.02499,0
1647278400000,0.07464,0.07464,0.07455,0.07457,41104,1647278459999,3065.08782,30,29066,2167.27994,0
1647278460000,0.07457,0.07457,0.07448,0.07450,56019,1647278519999,4173.99014,39,7326,545.71810,0
1647278520000,0.07450,0.07450,0.07438,0.07439,27294,1647278579999,2030.83943,30,18757,1395.51364,0
1647278580000,0.07440,0.07447,0.07438,0.07441,95512,1647278639999,7108.68303,32,75668,5632.34178,0
1647278640000,0.07443,0.07451,0.07440,0.07448,55081,1647278699999,4100.64899,36,26991,2009.29791,0
1647278700000,0.07449,0.07452,0.07431,0.07434,91252,1647278759999,6787.00930,39,35828,2665.85461,0
1647278760000,0.07440,0.07440,0.07423,0.07434,198990,1647278819999,14783.73940,62,78196,5811.14540,0
1647278820000,0.07438,0.07441,0.07437,0.07437,40723,1647278879999,3029.18753,30,19365,1440.42872,0
1647278880000,0.07437,0.07437,0.07426,0.07433,248356,1647278939999,18451.38043,55,157980,11736.26889,0
1647278940000,0.07435,0.07435,0.07428,0.07429,81295,1647278999999,6041.61650,36,23704,1760.86868,0
1647279000000,0.07428,0.07435,0.07425,0.07435,119650,1647279059999,8888.98909,30,94317,7006.67041,0
1647279060000,0.07437,0.07437,0.07431,0.07432,122007,1647279119999,9068.47463,45,35437,2633.71210,0
1647279120000,0.07430,0.07430,0.07416,0.07426,145103,1647279179999,10771.16557,49,108040,8020.29638,0
1647279180000,0.07424,0.07426,0.07417,0.07418,41130,1647279239999,3052.36431,27,28366,2105.29921,0
1647279240000,0.07415,0.07422,0.07399,0.07412,190991,1647279299999,14149.26666,95,78089,5789.27333,0
1647279300000,0.07410,0.07417,0.07402,0.07417,53312,1647279359999,3948.83194,30,20049,1485.34865,0
1647279360000,0.07418,0.07418,0.07406,0.07411,46855,1647279419999,3473.43864,29,30254,2242.13400,0
1647279420000,0.07411,0.07420,0.07407,0.07420,153545,1647279479999,11384.69006,48,125152,9279.95582,0
1647279480000,0.07419,0.07419,0.07412,0.07415,45656,1647279539999,3384.69437,26,31560,2339.30497,0
1647279540000,0.07415,0.07418,0.07411,0.07418,64679,1647279599999,4796.04386,39,40535,3006.16764,0
1647279600000,0.07420,0.07434,0.07420,0.07424,65149,1647279659999,4838.97472,44,49418,3670.82855,0
1647279660000,0.07423,0.07426,0.07421,0.07425,58238,1647279719999,4323.14919,39,28482,2114.32715,0
1647279720000,0.07421,0.07427,0.07419,0.07426,47995,1647279779999,3562.25402,39,33958,2520.58561,0
1647279780000,0.07426,0.07427,0.07419,0.07420,80475,1647279839999,5973.34690,47,25472,1890.85257,0
1647279840000,0.07419,0.07426,0.07419,0.07423,36943,1647279899999,2741.32942,24,33668,2498.27522,0
1647279900000,0.07424,0.07437,0.07423,0.07434,50196,1647279959999,3730.58925,37,14707,1092.96067,0
1647279960000,0.07436,0.07437,0.07427,0.07427,68977,1647280019999,5126.66276,52,54254,4032.64015,0
1647280020000,0.07427,0.07427,0.07414,0.07415,59832,1647280079999,4439.49973,31,1992,147.82647,0
1647280080000,0.07414,0.07417,0.07406,0.07411,109713,1647280139999,8132.12228,55,38763,2873.30982,0
1647280140000,0.07409,0.07419,0.07406,0.07417,134244,1647280199999,9953.67861,49,120348,8923.50373,0
1647280200000,0.07414,0.07420,0.07410,0.07411,141231,1647280259999,10468.94581,67,89608,6642.29760,0
1647280260000,0.07411,0.07421,0.07411,0.07420,43928,1647280319999,3257.77514,29,28788,2135.06185,0
1647280320000,0.07419,0.07431,0.07419,0.07428,145024,1647280379999,10768.90579,62,118626,8809.20970,0
1647280380000,0.07428,0.07444,0.07423,0.07435,242613,1647280439999,18042.58154,75,220005,16361.94173,0
1647280440000,0.07438,0.07441,0.07432,0.07437,44426,1647280499999,3302.89417,32,29435,2188.04898,0
1647280500000,0.07437,0.07437,0.07425,0.07425,81006,1647280559999,6020.48235,33,20040,1489.90767,0
1647280560000,0.07426,0.07432,0.07425,0.07425,127359,1647280619999,9459.68911,37,77084,5725.16589,0
1647280620000,0.07425,0.07425,0.07415,0.07420,53737,1647280679999,3986.61869,39,30306,2247.88711,0
1647280680000,0.07421,0.07429,0.07415,0.07427,211383,1647280739999,15697.04807,49,110541,8207.35609,0
1647280740000,0.07427,0.07436,0.07427,0.07436,139462,1647280799999,10367.37814,32,52687,3915.07755,0
1647280800000,0.07433,0.07433,0.07425,0.07428,77785,1647280859999,5777.73811,33,63080,4685.06114,0
1647280860000,0.07431,0.07435,0.07425,0.07432,70531,1647280919999,5239.74195,36,43897,3261.00615,0
1647280920000,0.07431,0.07435,0.07419,0.07426,68089,1647280979999,5055.94186,45,50554,3754.05318,0
1647280980000,0.07427,0.07432,0.07426,0.07431,47905,1647281039999,3558.50139,24,18524,1376.33014,0
1647281040000,0.07430,0.07431,0.07418,0.07421,44909,1647281099999,3334.65921,29,26418,1961.27294,0
1647281100000,0.07421,0.07424,0.07418,0.07421,26327,1647281159999,1953.86934,31,8246,611.94355,0
1647281160000,0.07422,0.07423,0.07413,0.07421,110413,1647281219999,8191.57504,44,70281,5213.72665,0
1647281220000,0.07417,0.07423,0.07417,0.07418,31846,1647281279999,2363.15774,21,12330,914.94349,0
1647281280000,0.07418,0.07421,0.07415,0.07421,25383,1647281339999,1882.40894,14,23591,1749.53214,0
1647281340000,0.07421,0.07424,0.07421,0.07421,53149,1647281399999,3944.60885,34,18699,1387.84474,0
1647281400000,0.07418,0.07425,0.07418,0.07421,34063,1647281459999,2528.66112,22,26509,1968.04157,0
1647281460000,0.07420,0.07439,0.07420,0.07422,102002,1647281519999,7578.24747,60,78446,5827.92754,0
1647281520000,0.07422,0.07423,0.07419,0.07419,26821,1647281579999,1990.71812,21,18051,1339.82550,0
1647281580000,0.07419,0.07419,0.07406,0.07411,89630,1647281639999,6642.21490,47,48646,3604.16402,0
1647281640000,0.07407,0.07415,0.07405,0.07408,72248,1647281699999,5351.54437,32,19218,1423.49545,0
1647281700000,0.07408,0.07410,0.07394,0.07397,200976,1647281759999,14880.16248,41,9053,669.59868,0
1647281760000,0.07398,0.07409,0.07396,0.07407,306981,1647281819999,22724.97190,82,258461,19134.35844,0
1647281820000,0.07408,0.07411,0.07404,0.07404,86954,1647281879999,6442.57704,46,31109,2305.06856,0
1647281880000,0.07410,0.07410,0.07401,0.07403,35247,1647281939999,2610.85799,25,16817,1245.95935,0
1647281940000,0.07403,0.07405,0.07400,0.07404,36761,1647281999999,2721.06287,20,23611,1747.63013,0
1647282000000,0.07407,0.07411,0.07403,0.07406,34517,1647282059999,2556.74785,24,14611,1082.12611,0
1647282060000,0.07403,0.07406,0.07400,0.07402,52132,1647282119999,3858.79669,25,32131,2377.81765,0
1647282120000,0.07402,0.07403,0.07394,0.07396,90765,1647282179999,6714.97990,34,50410,3729.08113,0
1647282180000,0.07397,0.07397,0.07365,0.07383,652483,1647282239999,48143.92846,184,186745,13794.86590,0
1647282240000,0.07383,0.07387,0.07377,0.07377,101036,1647282299999,7459.87105,37,57011,4209.84052,0
1647282300000,0.07376,0.07377,0.07348,0.07358,408333,1647282359999,30034.96527,150,89347,6576.18292,0
1647282360000,0.07356,0.07366,0.07350,0.07356,174166,1647282419999,12811.10722,78,122523,9012.60877,0
1647282420000,0.07357,0.07360,0.07349,0.07351,119317,1647282479999,8775.94265,46,72158,5308.54888,0
1647282480000,0.07350,0.07356,0.07347,0.07347,157214,1647282539999,11555.43944,76,62293,4579.09690,0
1647282540000,0.07346,0.07347,0.07328,0.07339,358587,1647282599999,26306.86550,135,100640,7384.62897,0
1647282600000,0.07337,0.07342,0.07324,0.07330,493194,1647282659999,36162.59191,105,176664,12960.41673,0
1647282660000,0.07327,0.07346,0.07327,0.07341,167085,1647282719999,12254.69727,87,103718,7605.57951,0
1647282720000,0.07342,0.07360,0.07342,0.07357,51384,1647282779999,3776.29539,39,48384,3555.66882,0
1647282780000,0.07355,0.07356,0.07340,0.07352,107243,1647282839999,7879.74807,43,35407,2601.33384,0
1647282840000,0.07350,0.07360,0.07349,0.07355,68434,1647282899999,5031.25442,32,58447,4296.83083,0
1647282900000,0.07355,0.07355,0.07343,0.07343,67813,1647282959999,4982.62447,58,26007,1911.39032,0
1647282960000,0.07343,0.07350,0.07339,0.07350,199002,1647283019999,14615.02000,166,137765,10118.77860,0
1647283020000,0.07351,0.07356,0.07344,0.07355,96890,1647283079999,7121.63791,46,44016,3235.19811,0
1647283080000,0.07353,0.07365,0.07351,0.07356,168765,1647283139999,12418.90906,63,159412,11731.05437,0
1647283140000,0.07352,0.07367,0.07352,0.07367,83274,1647283199999,6130.43389,52,60702,4468.52535,0
1647283200000,0.07367,0.07368,0.07356,0.07362,111243,1647283259999,8188.60433,59,35658,2625.14096,0
1647283260000,0.07361,0.07361,0.07348,0.07348,38758,1647283319999,2850.72008,38,0,0.00000,0
1647283320000,0.07348,0.07361,0.07348,0.07359,148995,1647283379999,10955.51296,50,120249,8840.10839,0
1647283380000,0.07359,0.07363,0.07359,0.07362,48149,1647283439999,3544.63225,28,12783,940.99680,0
1647283440000,0.07363,0.07366,0.07362,0.07365,44591,1647283499999,3283.19288,33,17983,1324.21001,0
1647283500000,0.07364,0.07368,0.07362,0.07362,47577,1647283559999,3504.01217,62,30652,2257.49935,0
1647283560000,0.07363,0.07371,0.07363,0.07369,115004,1647283619999,8473.60625,61,46900,3455.12054,0
1647283620000,0.07369,0.07382,0.07369,0.07381,131363,1647283679999,9688.89639,66,39587,2920.52909,0
1647283680000,0.07382,0.07389,0.07382,0.07386,73717,1647283739999,5445.29744,59,61167,4518.38790,0
1647283740000,0.07389,0.07390,0.07381,0.07389,185245,1647283799999,13682.97316,49,98316,7261.08539,0
1647283800000,0.07388,0.07390,0.07370,0.07380,86251,1647283859999,6366.46170,47,63171,4663.18443,0
1647283860000,0.07381,0.07398,0.07381,0.07394,307718,1647283919999,22747.30647,112,218867,16181.88005,0
1647283920000,0.07392,0.07404,0.07391,0.07403,250632,1647283979999,18542.93005,49,194855,14418.86817,0
1647283980000,0.07403,0.07404,0.07394,0.07403,37764,1647284039999,2795.08262,23,929,68.73984,0
1647284040000,0.07403,0.07403,0.07388,0.07389,95250,1647284099999,7046.24014,38,0,0.00000,0
1647284100000,0.07390,0.07410,0.07390,0.07403,103242,1647284159999,7640.58837,45,83332,6167.42895,0
1647284160000,0.07404,0.07418,0.07404,0.07408,110032,1647284219999,8156.36157,43,67693,5017.89433,0
1647284220000,0.07409,0.07412,0.07407,0.07411,62073,1647284279999,4600.24554,30,11739,869.92019,0
1647284280000,0.07408,0.07409,0.07399,0.07404,94335,1647284339999,6984.47361,33,4487,332.27856,0
1647284340000,0.07400,0.07412,0.07400,0.07412,69455,1647284399999,5144.53819,37,34842,2580.46475,0
1647284400000,0.07413,0.07417,0.07403,0.07403,129990,1647284459999,9633.65858,65,49846,3694.47179,0
1647284460000,0.07410,0.07430,0.07407,0.07427,129839,1647284519999,9636.08509,81,86138,6391.01332,0
1647284520000,0.07428,0.07433,0.07424,0.07429,107692,1647284579999,7999.36821,60,50946,3784.83709,0
1647284580000,0.07429,0.07430,0.07425,0.07429,41626,1647284639999,3091.42569,29,21828,1621.13381,0
1647284640000,0.07426,0.07432,0.07424,0.07424,37176,1647284699999,2761.51190,29,8441,627.19300,0
1647284700000,0.07425,0.07425,0.07415,0.07423,81479,1647284759999,6044.94811,43,67242,4988.88857,0
1647284760000,0.07423,0.07423,0.07411,0.07418,59412,1647284819999,4406.73072,35,23320,1729.18667,0
1647284820000,0.07418,0.07425,0.07416,0.07419,90348,1647284879999,6703.84911,38,42654,3165.33727,0
1647284880000,0.07416,0.07420,0.07403,0.07408,19986,1647284939999,1480.89549,19,7733,573.21107,0
1647284940000,0.07407,0.07411,0.07406,0.07411,105936,1647284999999,7847.83126,33,50053,3707.89928,0
1647285000000,0.07409,0.07427,0.07409,0.07418,129342,1647285059999,9595.56789,54,126918,9415.71048,0
1647285060000,0.07417,0.07425,0.07415,0.07423,66657,1647285119999,4945.45066,33,55738,4135.26229,0
1647285120000,0.07423,0.07429,0.07421,0.07421,71286,1647285179999,5292.79380,39,23992,1781.22083,0
1647285180000,0.07421,0.07426,0.07421,0.07424,12318,1647285239999,914.36737,12,11320,840.27123,0
1647285240000,0.07423,0.07428,0.07423,0.07425,59423,1647285299999,4411.83844,24,27398,2034.00533,0
1647285300000,0.07424,0.07437,0.07423,0.07437,282234,1647285359999,20968.37627,74,251038,18652.32770,0
1647285360000,0.07436,0.07438,0.07427,0.07434,145593,1647285419999,10822.57575,74,76520,5688.53261,0
1647285420000,0.07431,0.07451,0.07429,0.07443,191010,1647285479999,14217.38319,94,149389,11120.79272,0
1647285480000,0.07440,0.07446,0.07432,0.07437,148419,1647285539999,11042.13910,72,69577,5178.38349,0
1647285540000,0.07434,0.07440,0.07432,0.07436,67563,1647285599999,5023.83787,40,54564,4057.47032,0
1647285600000,0.07436,0.07446,0.07435,0.07440,114037,1647285659999,8483.98097,55,51773,3851.94741,0
1647285660000,0.07438,0.07442,0.07438,0.07442,74512,1647285719999,5543.94742,36,48468,3606.38461,0
1647285720000,0.07444,0.07449,0.07439,0.07448,172638,1647285779999,12854.45931,67,78377,5835.78572,0
1647285780000,0.07446,0.07489,0.07446,0.07468,839275,1647285839999,62684.12956,282,580662,43363.84477,0
1647285840000,0.07472,0.07474,0.07460,0.07462,308255,1647285899999,23016.61871,101,66399,4960.45883,0
1647285900000,0.07462,0.07467,0.07460,0.07463,251797,1647285959999,18787.08629,47,128759,9608.11389,0
1647285960000,0.07464,0.07468,0.07460,0.07467,136862,1647286019999,10215.37150,51,48889,3650.20795,0
1647286020000,0.07465,0.07473,0.07465,0.07473,38507,1647286079999,2875.71943,27,31942,2385.25248,0
1647286080000,0.07471,0.07472,0.07465,0.07466,87479,1647286139999,6532.91495,45,40513,3025.46014,0
1647286140000,0.07465,0.07465,0.07434,0.07434,699501,1647286199999,52160.02510,165,83473,6224.21567,0
1647286200000,0.07432,0.07443,0.07426,0.07443,329476,1647286259999,24489.19728,102,227363,16899.65376,0
1647286260000,0.07444,0.07456,0.07425,0.07456,421814,1647286319999,31394.65202,151,296041,22035.97292,0
1647286320000,0.07453,0.07456,0.07445,0.07452,87937,1647286379999,6553.54191,36,43276,3224.06952,0
1647286380000,0.07447,0.07450,0.07430,0.07430,86393,1647286439999,6428.82474,34,41603,3098.35999,0
1647286440000,0.07431,0.07439,0.07431,0.07438,110868,1647286499999,8242.14598,35,79739,5927.31056,0
1647286500000,0.07438,0.07447,0.07425,0.07426,120123,1647286559999,8930.53100,76,45521,3387.95030,0
1647286560000,0.07427,0.07434,0.07382,0.07401,1185717,1647286619999,87810.15525,348,521510,38633.99828,0
1647286620000,0.07400,0.07401,0.07381,0.07398,248727,1647286679999,18380.90597,83,93447,6908.79259,0
1647286680000,0.07400,0.07409,0.07400,0.07409,53378,1647286739999,3951.90818,23,44962,3328.78334,0
1647286740000,0.07408,0.07419,0.07404,0.07412,92133,1647286799999,6825.94030,45,58410,4327.52252,0
1647286800000,0.07412,0.07420,0.07409,0.07412,65840,1647286859999,4880.09038,38,21569,1598.94077,0
1647286860000,0.07410,0.07410,0.07405,0.07409,129627,1647286919999,9601.66303,45,85454,6329.69838,0
1647286920000,0.07410,0.07421,0.07405,0.07416,180566,1647286979999,13377.72066,56,59788,4430.66674,0
1647286980000,0.07417,0.07424,0.07416,0.07420,166666,1647287039999,12370.17710,49,40340,2993.70686,0
1647287040000,0.07420,0.07433,0.07415,0.07428,59032,1647287099999,4380.88975,43,44385,3293.14664,0
1647287100000,0.07429,0.07435,0.07426,0.07435,75051,1647287159999,5575.88980,36,61087,4538.73652,0
1647287160000,0.07434,0.07436,0.07422,0.07433,172295,1647287219999,12799.59565,51,69680,5177.45563,0
1647287220000,0.07433,0.07433,0.07421,0.07431,202259,1647287279999,15019.11240,59,25333,1880.81022,0
1647287280000,0.07431,0.07432,0.07426,0.07431,78012,1647287339999,5796.73332,34,49524,3680.02608,0
1647287340000,0.07430,0.07440,0.07429,0.07435,138344,1647287399999,10285.15664,42,105835,7868.36939,0
1647287400000,0.07433,0.07439,0.07424,0.07425,77963,1647287459999,5792.70064,42,33896,2519.08325,0
1647287460000,0.07422,0.07426,0.07420,0.07421,82402,1647287519999,6115.83262,43,65085,4830.54447,0
1647287520000,0.07428,0.07437,0.07425,0.07434,59335,1647287579999,4409.34668,31,19062,1416.92370,0
1647287580000,0.07425,0.07425,0.07421,0.07424,27377,1647287639999,2032.15131,18,15158,1125.20750,0
1647287640000,0.07424,0.07432,0.07422,0.07422,36531,1647287699999,2713.18770,23,9899,735.08385,0
1647287700000,0.07423,0.07429,0.07407,0.07410,273863,1647287759999,20306.10443,90,46718,3466.25052,0
1647287760000,0.07412,0.07420,0.07412,0.07414,26944,1647287819999,1997.90407,22,17120,1269.46064,0
1647287820000,0.07415,0.07421,0.07410,0.07421,83027,1647287879999,6160.09876,34,74751,5546.37630,0
1647287880000,0.07426,0.07426,0.07418,0.07418,66179,1647287939999,4912.94457,22,9149,679.07880,0
1647287940000,0.07417,0.07441,0.07417,0.07438,217745,1647287999999,16179.57843,72,110804,8229.47620,0
1647288000000,0.07438,0.07438,0.07422,0.07425,199822,1647288059999,14851.26720,63,24224,1799.61432,0
1647288060000,0.07423,0.07427,0.07415,0.07424,72729,1647288119999,5398.39288,44,23740,1761.33768,0
1647288120000,0.07426,0.07427,0.07416,0.07425,149087,1647288179999,11063.58113,48,47322,3511.99343,0
1647288180000,0.07425,0.07425,0.07412,0.07417,136585,1647288239999,10136.68035,40,9729,721.57578,0
1647288240000,0.07421,0.07441,0.07421,0.07439,155357,1647288299999,11550.82129,54,69420,5160.97085,0
1647288300000,0.07437,0.07443,0.07432,0.07440,42957,1647288359999,3195.24819,33,27886,2074.38058,0
1647288360000,0.07440,0.07442,0.07437,0.07440,50724,1647288419999,3774.18958,29,186,13.83693,0
1647288420000,0.07440,0.07484,0.07440,0.07469,1012558,1647288479999,75597.90475,310,521729,38947.56720,0
1647288480000,0.07469,0.07476,0.07462,0.07467,179544,1647288539999,13410.30230,63,57905,4326.42019,0
1647288540000,0.07465,0.07471,0.07457,0.07471,201065,1647288599999,15010.96493,77,68968,5151.15926,0
1647288600000,0.07470,0.07473,0.07449,0.07461,677579,1647288659999,50575.13056,111,356760,26633.19506,0
1647288660000,0.07463,0.07468,0.07456,0.07468,188216,1647288719999,14046.39749,69,29821,2225.91986,0
1647288720000,0.07463,0.07468,0.07460,0.07460,49180,1647288779999,3670.57376,22,11563,862.66026,0
1647288780000,0.07462,0.07464,0.07460,0.07461,58879,1647288839999,4392.84938,27,17493,1305.35100,0
1647288840000,0.07461,0.07463,0.07461,0.07463,23322,1647288899999,1740.15942,4,5506,410.85772,0
1647288900000,0.07463,0.07464,0.07455,0.07464,114029,1647288959999,8509.03312,38,58796,4387.13371,0
1647288960000,0.07463,0.07469,0.07458,0.07462,101928,1647289019999,7607.49236,44,24862,1856.06825,0
1647289020000,0.07461,0.07473,0.07460,0.07471,150658,1647289079999,11248.91875,59,114034,8512.73335,0
1647289080000,0.07471,0.07471,0.07464,0.07467,45513,1647289139999,3398.41633,30,20778,1551.53743,0
1647289140000,0.07469,0.07469,0.07452,0.07452,119075,1647289199999,8882.14934,39,12689,946.59165,0
1647289200000,0.07454,0.07455,0.07452,0.07452,47654,1647289259999,3551.61287,24,17645,1315.09512,0
1647289260000,0.07452,0.07452,0.07437,0.07438,126223,1647289319999,9392.60373,78,26158,1946.24068,0
1647289320000,0.07439,0.07447,0.07439,0.07446,75550,1647289379999,5622.69977,21,59715,4444.62078,0
1647289380000,0.07445,0.07445,0.07436,0.07444,108388,1647289439999,8063.91489,32,37937,2822.06714,0
1647289440000,0.07444,0.07448,0.07444,0.07445,55410,1647289499999,4125.29441,18,44872,3340.74031,0
1647289500000,0.07441,0.07441,0.07436,0.07438,34151,1647289559999,2540.98096,18,19162,1425.83283,0
1647289560000,0.07437,0.07441,0.07436,0.07439,111304,1647289619999,8277.07957,35,89414,6648.89017,0
1647289620000,0.07436,0.07459,0.07435,0.07459,125718,1647289679999,9362.42466,51,79335,5906.62400,0
1647289680000,0.07459,0.07459,0.07455,0.07457,33976,1647289739999,2533.64188,13,19340,1441.94576,0
1647289740000,0.07457,0.07458,0.07457,0.07458,20507,1647289799999,1529.35256,7,14557,1085.66106,0
1647289800000,0.07457,0.07458,0.07452,0.07453,110132,1647289859999,8209.41693,36,65315,4867.50834,0
1647289860000,0.07451,0.07464,0.07446,0.07462,117527,1647289919999,8759.87666,38,91611,6827.62591,0
1647289920000,0.07459,0.07467,0.07459,0.07467,124444,1647289979999,9287.67215,51,101428,7569.80886,0
1647289980000,0.07465,0.07465,0.07457,0.07457,33406,1647290039999,2491.67816,18,20250,1510.16486,0
1647290040000,0.07457,0.07457,0.07452,0.07452,35413,1647290099999,2639.44916,13,25965,1934.91180,0
1647290100000,0.07455,0.07462,0.07455,0.07462,31159,1647290159999,2323.65530,11,31159,2323.65530,0
1647290160000,0.07467,0.07476,0.07467,0.07475,58156,1647290219999,4344.67673,28,25774,1925.16833,0
1647290220000,0.07475,0.07482,0.07475,0.07481,39860,1647290279999,2980.49732,34,13901,1039.39102,0
1647290280000,0.07480,0.07482,0.07475,0.07476,35480,1647290339999,2653.61174,29,10551,789.26565,0
1647290340000,0.07474,0.07476,0.07469,0.07469,44311,1647290399999,3311.80260,18,38058,2844.49999,0
1647290400000,0.07469,0.07469,0.07460,0.07464,57221,1647290459999,4271.69432,29,30452,2273.05592,0
1647290460000,0.07463,0.07475,0.07462,0.07474,162531,1647290519999,12142.78797,49,114306,8539.83489,0
1647290520000,0.07474,0.07493,0.07474,0.07489,210418,1647290579999,15752.93209,104,126556,9472.60195,0
1647290580000,0.07488,0.07498,0.07487,0.07498,174739,1647290639999,13090.65158,61,118691,8891.73134,0
1647290640000,0.07497,0.07500,0.07481,0.07481,363302,1647290699999,27219.64674,49,16624,1245.94530,0
1647290700000,0.07480,0.07486,0.07471,0.07473,252043,1647290759999,18844.07382,86,34728,2597.05379,0
1647290760000,0.07476,0.07480,0.07460,0.07477,495413,1647290819999,37007.68142,117,166527,12445.59997,0
1647290820000,0.07477,0.07477,0.07464,0.07469,27551,1647290879999,2057.93100,24,22145,1654.13787,0
1647290880000,0.07475,0.07475,0.07467,0.07475,53760,1647290939999,4017.79675,28,33941,2536.60653,0
1647290940000,0.07475,0.07475,0.07461,0.07473,114762,1647290999999,8570.45884,49,64967,4850.72473,0
1647291000000,0.07472,0.07474,0.07466,0.07473,49139,1647291059999,3671.28426,30,29263,2186.09391,0
1647291060000,0.07474,0.07497,0.07474,0.07484,340382,1647291119999,25479.08016,108,232006,17366.41254,0
1647291120000,0.07482,0.07483,0.07473,0.07474,36355,1647291179999,2718.40879,23,11819,884.12289,0
1647291180000,0.07473,0.07473,0.07464,0.07467,66565,1647291239999,4972.63255,37,42562,3180.09476,0
1647291240000,0.07466,0.07472,0.07462,0.07467,109659,1647291299999,8185.63297,38,71450,5333.72697,0
1647291300000,0.07469,0.07469,0.07463,0.07465,56461,1647291359999,4215.86529,34,52163,3895.02138,0
1647291360000,0.07465,0.07466,0.07454,0.07458,207989,1647291419999,15518.04858,60,46607,3477.10721,0
1647291420000,0.07458,0.07468,0.07458,0.07459,45311,1647291479999,3382.02369,26,21456,1601.11152,0
1647291480000,0.07462,0.07468,0.07456,0.07465,95381,1647291539999,7117.25132,41,76889,5738.02227,0
1647291540000,0.07469,0.07483,0.07465,0.07470,394554,1647291599999,29503.86454,70,38640,2887.29498,0
1647291600000,0.07471,0.07475,0.07467,0.07469,69335,1647291659999,5180.05186,61,15226,1137.79677,0
1647291660000,0.07469,0.07479,0.07469,0.07478,88380,1647291719999,6605.40724,48,57722,4314.31250,0
1647291720000,0.07478,0.07482,0.07468,0.07468,267089,1647291779999,19967.91060,83,168261,12580.91904,0
1647291780000,0.07469,0.07483,0.07464,0.07465,184042,1647291839999,13756.47302,60,124992,9344.80231,0
1647291840000,0.07468,0.07472,0.07463,0.07472,100965,1647291899999,7539.01806,28,46027,3437.59127,0
1647291900000,0.07473,0.07473,0.07464,0.07467,106610,1647291959999,7960.38010,47,29364,2193.16134,0
1647291960000,0.07470,0.07477,0.07462,0.07477,124996,1647292019999,9334.32490,56,43002,3212.58158,0
1647292020000,0.07480,0.07491,0.07478,0.07488,85399,1647292079999,6393.05423,51,63193,4731.14538,0
1647292080000,0.07490,0.07499,0.07487,0.07489,120572,1647292139999,9033.44324,74,72724,5449.44885,0
1647292140000,0.07490,0.07500,0.07490,0.07496,61020,1647292199999,4573.73432,26,31522,2363.01475,0
1647292200000,0.07496,0.07499,0.07483,0.07490,273252,1647292259999,20466.31207,65,33955,2542.64432,0
1647292260000,0.07490,0.07496,0.07488,0.07494,74850,1647292319999,5608.82035,38,37484,2808.00324,0
1647292320000,0.07495,0.07527,0.07495,0.07511,605523,1647292379999,45493.81278,163,500773,37627.01904,0
1647292380000,0.07513,0.07516,0.07508,0.07512,81750,1647292439999,6141.52403,44,49055,3685.36891,0
1647292440000,0.07511,0.07513,0.07506,0.07509,35767,1647292499999,2685.88918,16,13413,1007.01385,0
1647292500000,0.07507,0.07507,0.07490,0.07490,140264,1647292559999,10518.26018,63,10940,820.25723,0
1647292560000,0.07490,0.07503,0.07489,0.07495,237011,1647292619999,17768.28676,67,114917,8618.99103,0
1647292620000,0.07494,0.07507,0.07492,0.07505,175749,1647292679999,13171.10422,29,149425,11197.72115,0
1647292680000,0.07511,0.07511,0.07490,0.07490,71997,1647292739999,5400.41249,42,10507,788.94643,0
1647292740000,0.07491,0.07491,0.07471,0.07472,161545,1647292799999,12080.47128,69,13573,1016.00519,0
1647292800000,0.07472,0.07485,0.07472,0.07485,53455,1647292859999,3996.71200,33,47602,3559.24124,0
1647292860000,0.07487,0.07499,0.07487,0.07498,124148,1647292919999,9299.91919,44,73285,5488.94298,0
1647292920000,0.07497,0.07503,0.07497,0.07503,49814,1647292979999,3736.44319,39,14630,1097.33367,0
1647292980000,0.07503,0.07505,0.07495,0.07495,39689,1647293039999,2976.75440,29,16015,1201.66105,0
1647293040000,0.07496,0.07496,0.07483,0.07489,67478,1647293099999,5053.16908,33,22673,1698.51997,0
1647293100000,0.07486,0.07492,0.07480,0.07480,42850,1647293159999,3207.20171,37,27610,2066.86944,0
1647293160000,0.07479,0.07494,0.07479,0.07493,97939,1647293219999,7328.08089,28,71803,5370.92380,0
1647293220000,0.07492,0.07500,0.07492,0.07500,17054,1647293279999,1278.71760,11,11618,871.28001,0
1647293280000,0.07500,0.07505,0.07500,0.07504,77216,1647293339999,5793.80114,54,29548,2217.08589,0
1647293340000,0.07504,0.07504,0.07497,0.07497,47313,1647293399999,3549.79993,20,11218,841.61328,0
1647293400000,0.07497,0.07497,0.07491,0.07496,27938,1647293459999,2093.26005,27,23548,1764.32314,0
1647293460000,0.07497,0.07506,0.07494,0.07500,203588,1647293519999,15275.11323,64,129579,9724.16206,0
1647293520000,0.07501,0.07502,0.07499,0.07500,16404,1647293579999,1230.43551,14,3139,235.43060,0
1647293580000,0.07500,0.07503,0.07500,0.07503,36442,1647293639999,2733.48206,13,31934,2395.24682,0
1647293640000,0.07503,0.07503,0.07495,0.07497,55113,1647293699999,4133.14431,31,24879,1865.18100,0
1647293700000,0.07500,0.07504,0.07497,0.07504,36532,1647293759999,2740.12363,26,13913,1043.75475,0
1647293760000,0.07504,0.07514,0.07495,0.07513,153613,1647293819999,11524.33380,47,35953,2698.55597,0
1647293820000,0.07507,0.07508,0.07507,0.07508,8925,1647293879999,670.00714,7,739,55.48412,0
1647293880000,0.07507,0.07507,0.07494,0.07496,175637,1647293939999,13168.30648,47,15269,1144.51564,0
1647293940000,0.07498,0.07498,0.07481,0.07481,64667,1647293999999,4841.48373,40,11787,882.31364,0
1647294000000,0.07484,0.07484,0.07474,0.07474,37064,1647294059999,2771.57154,32,16214,1212.89058,0
1647294060000,0.07472,0.07487,0.07470,0.07487,136280,1647294119999,10191.37974,42,93588,6999.09829,0
1647294120000,0.07487,0.07487,0.07476,0.07476,38678,1647294179999,2893.38766,22,819,61.31034,0
1647294180000,0.07476,0.07486,0.07476,0.07481,66190,1647294239999,4952.05658,28,53608,4010.81511,0
1647294240000,0.07483,0.07490,0.07481,0.07481,52593,1647294299999,3936.36450,26,34568,2587.17916,0
1647294300000,0.07477,0.07481,0.07473,0.07480,69048,1647294359999,5161.69110,41,13587,1015.93077,0
1647294360000,0.07484,0.07513,0.07482,0.07510,220472,1647294419999,16539.67354,70,173814,13037.49101,0
1647294420000,0.07509,0.07509,0.07496,0.07496,85486,1647294479999,6413.18974,49,11564,867.23060,0
1647294480000,0.07498,0.07508,0.07496,0.07501,45049,1647294539999,3378.83313,34,28552,2142.04353,0
1647294540000,0.07507,0.07508,0.07501,0.07501,31223,1647294599999,2343.79807,17,10402,780.87814,0
1647294600000,0.07501,0.07505,0.07490,0.07502,51644,1647294659999,3872.36591,39,39451,2957.86904,0
1647294660000,0.07504,0.07511,0.07504,0.07511,50898,1647294719999,3822.54062,21,7756,582.46036,0
1647294720000,0.07511,0.07511,0.07509,0.07510,28021,1647294779999,2104.62251,21,5949,446.80935,0
1647294780000,0.07511,0.07513,0.07511,0.07513,14335,1647294839999,1076.78259,10,6656,499.99872,0
1647294840000,0.07513,0.07513,0.07484,0.07494,225211,1647294899999,16880.77747,69,62282,4667.85993,0
1647294900000,0.07492,0.07494,0.07486,0.07486,47985,1647294959999,3592.71789,27,19827,1484.71492,0
1647294960000,0.07486,0.07495,0.07486,0.07495,32832,1647295019999,2458.83466,17,18416,1378.62176,0
1647295020000,0.07496,0.07496,0.07495,0.07495,11456,1647295079999,858.63296,7,576,43.17696,0
1647295080000,0.07496,0.07501,0.07496,0.07499,62224,1647295139999,4665.78498,44,17403,1304.69771,0
1647295140000,0.07498,0.07498,0.07485,0.07494,163253,1647295199999,12228.87845,30,94925,7106.51505,0
1647295200000,0.07498,0.07498,0.07487,0.07495,93664,1647295259999,7019.32037,23,14241,1066.66477,0
1647295260000,0.07495,0.07506,0.07490,0.07494,232467,1647295319999,17429.99251,100,95172,7136.96885,0
1647295320000,0.07504,0.07504,0.07490,0.07500,121537,1647295379999,9111.60522,45,61256,4591.78445,0
1647295380000,0.07498,0.07507,0.07498,0.07505,65168,1647295439999,4888.93283,34,54118,4059.83631,0
1647295440000,0.07506,0.07506,0.07500,0.07504,27064,1647295499999,2030.37873,22,19712,1478.88240,0
1647295500000,0.07505,0.07505,0.07498,0.07498,73166,1647295559999,5490.25607,22,704,52.81408,0
1647295560000,0.07497,0.07502,0.07493,0.07501,87053,1647295619999,6527.28484,38,46036,3451.41715,0
1647295620000,0.07497,0.07503,0.07495,0.07503,99503,1647295679999,7463.76002,33,17201,1289.96428,0
1647295680000,0.07504,0.07505,0.07491,0.07504,39822,1647295739999,2987.39485,23,17938,1345.73313,0
1647295740000,0.07503,0.07503,0.07495,0.07495,47143,1647295799999,3534.76773,20,45790,3433.30775,0
1647295800000,0.07497,0.07515,0.07497,0.07513,237480,1647295859999,17828.88748,123,159862,12002.90720,0
1647295860000,0.07515,0.07540,0.07509,0.07527,717848,1647295919999,54028.97971,273,357794,26930.44905,0
1647295920000,0.07528,0.07542,0.07524,0.07540,197010,1647295979999,14843.96471,72,72545,5467.58991,0
1647295980000,0.07535,0.07536,0.07523,0.07528,82059,1647296039999,6179.65542,39,30178,2272.33727,0
1647296040000,0.07530,0.07530,0.07508,0.07508,265453,1647296099999,19955.94424,96,42119,3164.43596,0
1647296100000,0.07511,0.07516,0.07511,0.07514,35276,1647296159999,2650.68582,20,26248,1972.31562,0
1647296160000,0.07514,0.07542,0.07513,0.07526,396723,1647296219999,29874.54418,97,230637,17365.21176,0
1647296220000,0.07526,0.07537,0.07524,0.07524,102892,1647296279999,7749.98679,37,74689,5626.88770,0
1647296280000,0.07527,0.07535,0.07527,0.07535,54807,1647296339999,4126.83236,26,22291,1678.37538,0
1647296340000,0.07532,0.07534,0.07525,0.07526,72176,1647296399999,5434.17474,28,8625,649.69650,0
1647296400000,0.07526,0.07531,0.07524,0.07528,66190,1647296459999,4981.96052,41,42874,3227.14481,0
1647296460000,0.07529,0.07547,0.07520,0.07535,202181,1647296519999,15232.17833,82,35357,2664.75904,0
1647296520000,0.07533,0.07544,0.07532,0.07544,57573,1647296579999,4341.67592,20,26975,2034.59734,0
1647296580000,0.07544,0.07544,0.07528,0.07539,248153,1647296639999,18700.65634,111,99668,7514.24490,0
1647296640000,0.07539,0.07542,0.07533,0.07533,56356,1647296699999,4249.22738,35,17251,1300.92136,0
1647296700000,0.07538,0.07544,0.07532,0.07537,115091,1647296759999,8674.90444,49,98232,7404.64327,0
1647296760000,0.07536,0.07544,0.07536,0.07542,78306,1647296819999,5905.99631,21,1678,126.47086,0
1647296820000,0.07540,0.07542,0.07533,0.07533,110636,1647296879999,8339.43938,37,67215,5066.20767,0
1647296880000,0.07538,0.07547,0.07532,0.07545,241841,1647296939999,18242.61742,53,110005,8298.69378,0
1647296940000,0.07545,0.07549,0.07530,0.07534,107265,1647296999999,8088.13214,48,56597,4269.71172,0
1647297000000,0.07531,0.07533,0.07522,0.07522,22245,1647297059999,1674.07425,20,13895,1045.82981,0
1647297060000,0.07532,0.07537,0.07531,0.07536,90059,1647297119999,6785.34428,39,32634,2459.07896,0
1647297120000,0.07534,0.07537,0.07534,0.07537,84759,1647297179999,6387.90260,30,63888,4815.17653,0
1647297180000,0.07537,0.07541,0.07533,0.07534,62773,1647297239999,4730.09325,35,30818,2321.85374,0
1647297240000,0.07536,0.07536,0.07529,0.07529,44784,1647297299999,3373.23803,33,4941,372.25884,0
1647297300000,0.07528,0.07529,0.07524,0.07528,84760,1647297359999,6379.38720,38,34992,2633.76702,0
1647297360000,0.07528,0.07528,0.07526,0.07527,43059,1647297419999,3241.35368,19,15857,1193.71496,0
1647297420000,0.07528,0.07544,0.07528,0.07540,121796,1647297479999,9177.81894,39,36857,2776.60548,0
1647297480000,0.07539,0.07540,0.07534,0.07536,26128,1647297539999,1969.09270,20,6709,505.73762,0
1647297540000,0.07536,0.07537,0.07528,0.07528,46805,1647297599999,3526.30149,30,34982,2635.90496,0
1647297600000,0.07532,0.07532,0.07528,0.07528,4731,1647297659999,356.19477,12,270,20.33640,0
1647297660000,0.07531,0.07538,0.07531,0.07537,76846,1647297719999,5790.37640,36,30265,2279.64763,0
1647297720000,0.07537,0.07554,0.07537,0.07542,173383,1647297779999,13080.11767,54,110493,8335.13216,0
1647297780000,0.07548,0.07550,0.07540,0.07550,129730,1647297839999,9787.66587,39,117114,8835.84791,0
1647297840000,0.07552,0.07558,0.07543,0.07557,157017,1647297899999,11859.27905,57,102031,7708.30043,0
1647297900000,0.07557,0.07565,0.07556,0.07564,267196,1647297959999,20207.58509,85,243211,18394.34770,0
1647297960000,0.07565,0.07580,0.07564,0.07579,109260,1647298019999,8272.28087,54,77173,5844.39098,0
1647298020000,0.07580,0.07582,0.07567,0.07567,189133,1647298079999,14332.01582,82,9233,699.56011,0
1647298080000,0.07578,0.07626,0.07573,0.07624,480268,1647298139999,36519.84005,214,375849,28582.41594,0
1647298140000,0.07625,0.07648,0.07607,0.07623,1041730,1647298199999,79473.24834,430,454720,34700.87029,0
1647298200000,0.07620,0.07634,0.07602,0.07602,272647,1647298259999,20770.64729,183,56409,4301.05493,0
1647298260000,0.07601,0.07620,0.07595,0.07598,414487,1647298319999,31516.98064,156,67090,5102.46652,0
1647298320000,0.07599,0.07600,0.07575,0.07575,231541,1647298379999,17573.37335,98,39217,2977.38078,0
1647298380000,0.07575,0.07575,0.07550,0.07566,492472,1647298439999,37242.04813,189,65749,4974.80595,0
1647298440000,0.07575,0.07580,0.07544,0.07551,318821,1647298499999,24100.29584,117,149091,11269.67398,0
1647298500000,0.07555,0.07567,0.07555,0.07563,61006,1647298559999,4613.93940,38,39098,2956.91829,0
1647298560000,0.07563,0.07569,0.07530,0.07530,561542,1647298619999,42391.54310,209,31659,2394.77216,0
1647298620000,0.07537,0.07552,0.07536,0.07546,128199,1647298679999,9670.44983,67,57857,4364.11430,0
1647298680000,0.07550,0.07560,0.07547,0.07548,316277,1647298739999,23885.60399,97,192487,14540.36990,0
1647298740000,0.07547,0.07549,0.07532,0.07549,214308,1647298799999,16158.42284,80,52975,3996.32639,0
1647298800000,0.07553,0.07560,0.07541,0.07548,109396,1647298859999,8259.81933,87,27219,2056.04288,0
1647298860000,0.07552,0.07564,0.07545,0.07549,404853,1647298919999,30584.16728,155,101397,7661.20459,0
1647298920000,0.07545,0.07552,0.07533,0.07544,169413,1647298979999,12778.96936,91,62836,4742.14129,0
1647298980000,0.07547,0.07553,0.07543,0.07552,73272,1647299039999,5531.22629,52,40386,3049.16895,0
1647299040000,0.07555,0.07555,0.07552,0.07554,31429,1647299099999,2374.24584,27,16716,1262.87481,0
1647299100000,0.07553,0.07565,0.07553,0.07563,116417,1647299159999,8798.99510,73,59266,4480.04011,0
1647299160000,0.07563,0.07563,0.07553,0.07561,128838,1647299219999,9738.56838,55,31889,2410.28908,0
1647299220000,0.07561,0.07561,0.07554,0.07554,33842,1647299279999,2558.47937,22,6151,464.95491,0
1647299280000,0.07554,0.07556,0.07549,0.07555,28092,1647299339999,2121.69649,22,10251,774.20929,0
1647299340000,0.07557,0.07558,0.07550,0.07554,38795,1647299399999,2929.74441,17,26845,2027.29423,0
1647299400000,0.07553,0.07553,0.07548,0.07549,50256,1647299459999,3793.98971,54,17676,1334.38787,0
1647299460000,0.07549,0.07562,0.07547,0.07560,129320,1647299519999,9770.68340,65,31871,2409.09453,0
1647299520000,0.07561,0.07564,0.07556,0.07559,84559,1647299579999,6391.80824,55,16453,1243.96159,0
1647299580000,0.07560,0.07560,0.07544,0.07547,647623,1647299639999,48908.95187,135,44267,3343.49910,0
1647299640000,0.07545,0.07551,0.07535,0.07542,197757,1647299699999,14917.61725,78,108990,8223.43455,0
1647299700000,0.07541,0.07543,0.07534,0.07539,89317,1647299759999,6733.24890,35,16833,1268.77760,0
1647299760000,0.07536,0.07537,0.07529,0.07535,392560,1647299819999,29575.50079,93,250853,18900.49576,0
1647299820000,0.07532,0.07542,0.07532,0.07535,62889,1647299879999,4739.47286,34,27601,2078.91776,0
1647299880000,0.07541,0.07541,0.07535,0.07537,27937,1647299939999,2106.19334,30,14307,1078.77358,0
1647299940000,0.07534,0.07540,0.07530,0.07537,46690,1647299999999,3517.58677,19,26032,1961.71567,0
1647300000000,0.07537,0.07537,0.07526,0.07526,47287,1647300059999,3561.29586,50,24365,1835.34368,0
1647300060000,0.07526,0.07547,0.07526,0.07542,224030,1647300119999,16884.97222,69,192189,14483.17573,0
1647300120000,0.07541,0.07551,0.07541,0.07549,27550,1647300179999,2079.17997,25,13550,1022.45031,0
1647300180000,0.07551,0.07558,0.07547,0.07556,148735,1647300239999,11232.67968,69,92645,6996.99458,0
1647300240000,0.07555,0.07559,0.07552,0.07556,31287,1647300299999,2363.87199,24,11709,884.86100,0
1647300300000,0.07556,0.07556,0.07545,0.07556,152628,1647300359999,11526.32940,63,107999,8157.10694,0
1647300360000,0.07553,0.07561,0.07553,0.07556,59594,1647300419999,4504.55615,36,20743,1567.52071,0
1647300420000,0.07553,0.07553,0.07549,0.07550,93323,1647300479999,7047.50903,41,73369,5540.73328,0
1647300480000,0.07550,0.07555,0.07550,0.07555,63808,1647300539999,4818.71642,11,60924,4600.97442,0
1647300540000,0.07555,0.07572,0.07554,0.07572,125663,1647300599999,9499.62811,47,107487,8124.43411,0
1647300600000,0.07573,0.07574,0.07566,0.07568,248739,1647300659999,18831.54308,40,62703,4745.00768,0
1647300660000,0.07568,0.07573,0.07557,0.07559,213595,1647300719999,16162.58458,70,54233,4105.02735,0
1647300720000,0.07560,0.07564,0.07555,0.07563,124237,1647300779999,9393.24126,55,84926,6421.48787,0
1647300780000,0.07564,0.07573,0.07559,0.07571,130144,1647300839999,9848.42461,48,62253,4711.93296,0
1647300840000,0.07572,0.07572,0.07550,0.07556,111135,1647300899999,8405.50687,41,24850,1879.20182,0
1647300900000,0.07557,0.07559,0.07549,0.07549,54151,1647300959999,4090.80653,47,25666,1939.25084,0
1647300960000,0.07556,0.07565,0.07553,0.07557,73899,1647301019999,5587.83538,31,16570,1251.97580,0
1647301020000,0.07555,0.07555,0.07549,0.07550,33221,1647301079999,2509.25591,24,2956,223.23712,0
1647301080000,0.07550,0.07564,0.07549,0.07556,277166,1647301139999,20949.25919,52,265947,20102.09393,0
1647301140000,0.07562,0.07566,0.07557,0.07566,99290,1647301199999,7508.70190,56,80287,6071.77291,0
1647301200000,0.07564,0.07565,0.07559,0.07561,69188,1647301259999,5232.38696,40,17830,1348.17486,0
1647301260000,0.07561,0.07561,0.07559,0.07560,31134,1647301319999,2353.68783,24,11284,853.11812,0
1647301320000,0.07561,0.07578,0.07561,0.07577,489309,1647301379999,37044.18971,128,407846,30873.95801,0
1647301380000,0.07574,0.07574,0.07568,0.07571,57708,1647301439999,4369.17581,38,13333,1009.57425,0
1647301440000,0.07572,0.07572,0.07559,0.07559,146206,1647301499999,11057.35085,58,94565,7151.20296,0
1647301500000,0.07556,0.07561,0.07555,0.07556,26620,1647301559999,2011.73210,31,20054,1515.39390,0
1647301560000,0.07556,0.07568,0.07556,0.07567,99227,1647301619999,7503.46678,38,80465,6084.21702,0
1647301620000,0.07568,0.07572,0.07568,0.07572,15352,1647301679999,1162.29060,16,2250,170.34437,0
1647301680000,0.07572,0.07576,0.07561,0.07562,187576,1647301739999,14200.83191,79,14879,1126.28849,0
1647301740000,0.07563,0.07570,0.07563,0.07566,48873,1647301799999,3697.39737,17,33642,2544.69012,0
1647301800000,0.07565,0.07573,0.07565,0.07568,49484,1647301859999,3745.89753,26,34239,2592.14837,0
1647301860000,0.07568,0.07587,0.07567,0.07587,175338,1647301919999,13288.95160,68,83193,6306.24939,0
1647301920000,0.07589,0.07596,0.07589,0.07594,47466,1647301979999,3604.73104,32,12693,963.83362,0
1647301980000,0.07594,0.07603,0.07589,0.07589,258840,1647302039999,19661.98447,101,109753,8340.66513,0
1647302040000,0.07590,0.07590,0.07575,0.07579,98717,1647302099999,7487.01734,40,16876,1279.78612,0
1647302100000,0.07580,0.07588,0.07579,0.07587,92992,1647302159999,7052.12955,30,90975,6899.12467,0
1647302160000,0.07584,0.07598,0.07584,0.07598,32476,1647302219999,2465.18803,23,7421,563.61084,0
1647302220000,0.07596,0.07601,0.07580,0.07582,173923,1647302279999,13210.35255,71,22012,1672.49507,0
1647302280000,0.07583,0.07587,0.07579,0.07582,105934,1647302339999,8033.15390,38,45230,3430.30817,0
1647302340000,0.07582,0.07594,0.07582,0.07588,209390,1647302399999,15894.90131,45,43662,3311.47795,0
