1645228800000,0.016144,0.016145,0.016117,0.016136,1185167,1645228859999,19121.744557,110,383027,6180.111476,0
1645228860000,0.016136,0.016175,0.016129,0.016173,2190949,1645228919999,35380.567743,147,1244718,20099.666067,0
1645228920000,0.016173,0.016193,0.016156,0.016157,2904364,1645228979999,46988.144669,210,718369,11625.154390,0
1645228980000,0.016157,0.016157,0.016150,0.016150,608573,1645229039999,9830.604099,60,274823,4439.714187,0
1645229040000,0.016149,0.016150,0.016138,0.016138,240168,1645229099999,3877.663774,31,120526,1945.870531,0
1645229100000,0.016136,0.016157,0.016136,0.016157,164885,1645229159999,2661.712642,49,128601,2076.055123,0
1645229160000,0.016153,0.016160,0.016149,0.016150,193156,1645229219999,3120.586220,45,103109,1666.113332,0
1645229220000,0.016150,0.016150,0.016140,0.016140,84492,1645229279999,1364.362476,40,55334,893.588748,0
1645229280000,0.016139,0.016146,0.016116,0.016116,369173,1645229339999,5954.978352,58,103243,1666.339032,0
1645229340000,0.016113,0.016135,0.016102,0.016131,350540,1645229399999,5646.796577,46,339414,5467.470491,0
1645229400000,0.016132,0.016154,0.016132,0.016154,328358,1645229459999,5300.287138,61,202018,3261.473972,0
1645229460000,0.016153,0.016155,0.016142,0.016145,168219,1645229519999,2716.582499,43,111681,1803.734825,0
1645229520000,0.016144,0.016170,0.016139,0.016169,474701,1645229579999,7668.108591,82,371277,5998.200450,0
1645229580000,0.016168,0.016218,0.016168,0.016209,2717471,1645229639999,44029.983665,141,2065665,33465.023991,0
1645229640000,0.016208,0.016221,0.016185,0.016220,811299,1645229699999,13145.021858,82,322729,5229.911954,0
1645229700000,0.016214,0.016236,0.016207,0.016224,584963,1645229759999,9489.217480,70,551291,8942.906718,0
1645229760000,0.016232,0.016237,0.016221,0.016225,931554,1645229819999,15116.697585,111,194380,3155.167266,0
1645229820000,0.016226,0.016245,0.016226,0.016233,913679,1645229879999,14833.612185,81,354705,5758.290757,0
1645229880000,0.016234,0.016250,0.016234,0.016250,165100,1645229939999,2682.046690,71,79108,1285.189246,0
1645229940000,0.016250,0.016271,0.016244,0.016270,1370363,1645229999999,22282.215633,107,1062586,17280.522340,0
1645230000000,0.016270,0.016284,0.016238,0.016246,1656401,1645230059999,26941.080206,141,845743,13756.471184,0
1645230060000,0.016246,0.016269,0.016245,0.016256,357838,1645230119999,5817.983445,55,223065,3626.456201,0
1645230120000,0.016257,0.016264,0.016201,0.016209,2982107,1645230179999,48389.117421,167,429498,6970.646218,0
1645230180000,0.016209,0.016244,0.016209,0.016233,327414,1645230239999,5317.063273,41,204997,3328.724020,0
1645230240000,0.016239,0.016241,0.016227,0.016227,164733,1645230299999,2674.898666,35,23902,387.997895,0
1645230300000,0.016234,0.016241,0.016222,0.016227,401582,1645230359999,6518.900136,48,283448,4600.964887,0
1645230360000,0.016231,0.016237,0.016228,0.016233,28031,1645230419999,455.036269,22,6977,113.256340,0
1645230420000,0.016235,0.016243,0.016235,0.016237,391193,1645230479999,6353.100399,51,339200,5508.752582,0
1645230480000,0.016239,0.016243,0.016220,0.016231,366871,1645230539999,5956.908563,55,12471,202.442182,0
1645230540000,0.016230,0.016230,0.016200,0.016220,709884,1645230599999,11518.502969,61,21882,354.692192,0
1645230600000,0.016216,0.016220,0.016201,0.016209,613731,1645230659999,9952.242672,48,72828,1180.962271,0
1645230660000,0.016211,0.016216,0.016200,0.016210,1066960,1645230719999,17293.435026,63,1056513,17124.127404,0
1645230720000,0.016208,0.016208,0.016197,0.016200,520338,1645230779999,8429.214037,43,44386,719.342690,0
1645230780000,0.016203,0.016247,0.016192,0.016235,1563877,1645230839999,25375.042455,135,999265,16225.945058,0
1645230840000,0.016229,0.016241,0.016226,0.016233,185517,1645230899999,3011.855807,45,138723,2252.409257,0
1645230900000,0.016236,0.016237,0.016217,0.016234,191865,1645230959999,3113.965042,55,130535,2118.342921,0
1645230960000,0.016234,0.016248,0.016233,0.016236,372481,1645231019999,6050.430035,51,311068,5052.852517,0
1645231020000,0.016239,0.016263,0.016238,0.016259,449416,1645231079999,7303.995917,63,423041,6875.311560,0
1645231080000,0.016258,0.016277,0.016258,0.016261,1165735,1645231139999,18966.723460,73,1072033,17442.532451,0
1645231140000,0.016256,0.016266,0.016251,0.016259,243135,1645231199999,3952.253508,31,25231,410.367976,0
1645231200000,0.016259,0.016265,0.016253,0.016256,21152,1645231259999,343.876596,28,15013,244.071358,0
1645231260000,0.016256,0.016261,0.016249,0.016251,272887,1645231319999,4436.449366,33,122467,1990.861092,0
1645231320000,0.016253,0.016261,0.016251,0.016260,83927,1645231379999,1364.531459,30,2902,47.176243,0
1645231380000,0.016260,0.016264,0.016252,0.016261,282488,1645231439999,4592.953542,33,192171,3124.507055,0
1645231440000,0.016261,0.016265,0.016256,0.016264,247881,1645231499999,4030.909429,39,203297,3306.020645,0
1645231500000,0.016265,0.016269,0.016261,0.016265,308378,1645231559999,5016.185183,46,154465,2512.685051,0
1645231560000,0.016266,0.016272,0.016265,0.016265,447473,1645231619999,7280.070957,32,245848,3999.811722,0
1645231620000,0.016263,0.016265,0.016244,0.016258,720227,1645231679999,11705.693278,96,302386,4915.786541,0
1645231680000,0.016260,0.016267,0.016255,0.016257,197315,1645231739999,3208.971524,33,105312,1712.949525,0
1645231740000,0.016261,0.016262,0.016252,0.016260,425149,1645231799999,6911.246798,37,36215,588.848476,0
1645231800000,0.016260,0.016260,0.016253,0.016255,31780,1645231859999,516.595528,26,5215,84.776719,0
1645231860000,0.016258,0.016261,0.016247,0.016251,489041,1645231919999,7950.262725,42,55135,896.425565,0
1645231920000,0.016252,0.016272,0.016251,0.016255,1711898,1645231979999,27844.522399,71,1609563,26180.654808,0
1645231980000,0.016259,0.016275,0.016259,0.016272,380605,1645232039999,6193.174949,63,364905,5937.770969,0
1645232040000,0.016272,0.016283,0.016268,0.016275,574051,1645232099999,9343.897306,72,435369,7087.276782,0
1645232100000,0.016274,0.016277,0.016260,0.016265,551616,1645232159999,8974.739914,55,494274,8042.092233,0
1645232160000,0.016264,0.016285,0.016264,0.016283,199387,1645232219999,3244.940078,73,146876,2390.386069,0
1645232220000,0.016286,0.016294,0.016273,0.016290,769053,1645232279999,12524.944252,137,494892,8061.836028,0
1645232280000,0.016292,0.016299,0.016287,0.016287,132838,1645232339999,2164.319209,34,56031,913.048506,0
1645232340000,0.016292,0.016297,0.016279,0.016289,314128,1645232399999,5117.258931,50,178743,2912.136471,0
1645232400000,0.016289,0.016289,0.016264,0.016288,366143,1645232459999,5958.184214,56,181023,2945.108004,0
1645232460000,0.016286,0.016289,0.016264,0.016276,806150,1645232519999,13116.369243,54,721278,11734.845284,0
1645232520000,0.016276,0.016281,0.016260,0.016263,264688,1645232579999,4306.993725,39,80920,1316.996339,0
1645232580000,0.016265,0.016273,0.016260,0.016266,220894,1645232639999,3593.028440,54,95788,1558.008110,0
1645232640000,0.016265,0.016273,0.016261,0.016273,167574,1645232699999,2725.661278,50,91404,1486.607668,0
1645232700000,0.016273,0.016288,0.016269,0.016285,914924,1645232759999,14898.850586,91,766025,12473.744662,0
1645232760000,0.016288,0.016294,0.016276,0.016288,378629,1645232819999,6166.019785,39,98007,1595.922895,0
1645232820000,0.016286,0.016298,0.016280,0.016296,578722,1645232879999,9429.027073,39,540466,8805.977853,0
1645232880000,0.016297,0.016303,0.016291,0.016295,589522,1645232939999,9608.595201,66,407388,6640.632912,0
1645232940000,0.016296,0.016302,0.016293,0.016297,259418,1645232999999,4228.036705,34,189428,3087.404672,0
1645233000000,0.016293,0.016293,0.016278,0.016289,1042955,1645233059999,16990.423133,61,138687,2258.469059,0
1645233060000,0.016289,0.016289,0.016280,0.016285,180408,1645233119999,2938.115635,39,62102,1011.191549,0
1645233120000,0.016284,0.016302,0.016284,0.016297,1109954,1645233179999,18084.319699,68,960699,15652.854277,0
1645233180000,0.016294,0.016364,0.016294,0.016355,2317943,1645233239999,37847.946386,192,1875832,30629.078609,0
1645233240000,0.016365,0.016371,0.016339,0.016348,1198137,1645233299999,19589.474900,122,335488,5486.813202,0
1645233300000,0.016346,0.016350,0.016329,0.016345,822751,1645233359999,13445.138230,66,206592,3375.735157,0
1645233360000,0.016346,0.016348,0.016330,0.016342,537798,1645233419999,8786.199306,42,128988,2107.333753,0
1645233420000,0.016341,0.016355,0.016341,0.016355,392495,1645233479999,6416.408190,107,356501,5828.163163,0
1645233480000,0.016348,0.016348,0.016337,0.016343,143362,1645233539999,2343.365894,29,5658,92.458786,0
1645233540000,0.016344,0.016344,0.016332,0.016341,311919,1645233599999,5096.555648,53,74825,1222.340054,0
1645233600000,0.016335,0.016340,0.016331,0.016332,362603,1645233659999,5923.267539,33,9831,160.603733,0
1645233660000,0.016332,0.016334,0.016326,0.016334,460764,1645233719999,7524.501836,60,71754,1171.851885,0
1645233720000,0.016334,0.016344,0.016333,0.016344,209817,1645233779999,3427.382902,57,39184,640.231239,0
1645233780000,0.016342,0.016360,0.016341,0.016357,500360,1645233839999,8181.844935,131,284780,4655.647141,0
1645233840000,0.016357,0.016357,0.016338,0.016355,354114,1645233899999,5789.115939,56,28104,459.285945,0
1645233900000,0.016355,0.016356,0.016338,0.016355,75018,1645233959999,1226.441778,32,23245,379.955392,0
1645233960000,0.016354,0.016367,0.016354,0.016366,58026,1645234019999,949.533416,58,29640,485.065464,0
1645234020000,0.016367,0.016369,0.016336,0.016338,610889,1645234079999,9997.188549,79,27577,451.227938,0
1645234080000,0.016337,0.016377,0.016336,0.016370,2349292,1645234139999,38432.396936,204,1720097,28138.187913,0
1645234140000,0.016374,0.016389,0.016373,0.016389,320144,1645234199999,5243.664369,70,140632,2303.812629,0
1645234200000,0.016390,0.016393,0.016380,0.016382,733745,1645234259999,12025.811117,98,71903,1178.555401,0
1645234260000,0.016382,0.016382,0.016368,0.016374,807184,1645234319999,13218.044938,87,225196,3688.474243,0
1645234320000,0.016374,0.016395,0.016374,0.016385,241661,1645234379999,3959.198494,36,151842,2487.214381,0
1645234380000,0.016384,0.016385,0.016376,0.016376,153173,1645234439999,2509.466461,22,83041,1360.545630,0
1645234440000,0.016375,0.016385,0.016375,0.016380,366155,1645234499999,5998.464526,43,196522,3219.155855,0
1645234500000,0.016374,0.016377,0.016346,0.016348,706715,1645234559999,11560.342205,65,170794,2792.556045,0
1645234560000,0.016350,0.016353,0.016346,0.016346,284709,1645234619999,4654.865356,41,54987,899.094343,0
1645234620000,0.016347,0.016350,0.016335,0.016339,235979,1645234679999,3857.143804,34,112483,1838.764136,0
1645234680000,0.016340,0.016357,0.016340,0.016354,365936,1645234739999,5982.921944,42,362701,5930.040323,0
1645234740000,0.016353,0.016353,0.016331,0.016336,468324,1645234799999,7655.753393,61,117010,1912.368136,0
1645234800000,0.016332,0.016332,0.016316,0.016324,258285,1645234859999,4215.981978,51,152249,2484.991567,0
1645234860000,0.016328,0.016335,0.016328,0.016329,307882,1645234919999,5028.371620,45,166447,2718.369767,0
1645234920000,0.016327,0.016327,0.016300,0.016317,834023,1645234979999,13603.598839,106,492539,8033.849464,0
1645234980000,0.016318,0.016371,0.016318,0.016363,820929,1645235039999,13418.377016,69,677135,11065.521848,0
1645235040000,0.016365,0.016373,0.016359,0.016359,429805,1645235099999,7033.460951,38,117630,1925.158965,0
1645235100000,0.016352,0.016352,0.016342,0.016349,161128,1645235159999,2633.957295,50,63125,1031.963099,0
1645235160000,0.016343,0.016349,0.016343,0.016344,75186,1645235219999,1228.956350,24,61903,1011.863566,0
1645235220000,0.016344,0.016357,0.016338,0.016355,683205,1645235279999,11173.279980,63,622917,10187.934569,0
1645235280000,0.016351,0.016365,0.016349,0.016349,696137,1645235339999,11390.388022,49,615115,10065.287260,0
1645235340000,0.016347,0.016351,0.016342,0.016351,124410,1645235399999,2033.516873,32,41078,671.475818,0
1645235400000,0.016350,0.016353,0.016343,0.016350,78787,1645235459999,1287.991024,31,35552,581.139983,0
1645235460000,0.016348,0.016348,0.016323,0.016331,382535,1645235519999,6247.596327,43,68528,1119.168678,0
1645235520000,0.016328,0.016336,0.016328,0.016336,48421,1645235579999,790.810551,40,45148,737.358838,0
1645235580000,0.016333,0.016346,0.016333,0.016342,63002,1645235639999,1029.461330,37,46529,760.308017,0
1645235640000,0.016340,0.016348,0.016332,0.016332,187956,1645235699999,3071.713515,47,22471,367.258655,0
1645235700000,0.016331,0.016334,0.016330,0.016330,105869,1645235759999,1728.901765,29,9797,160.003394,0
1645235760000,0.016325,0.016337,0.016324,0.016334,770114,1645235819999,12578.313652,24,768008,12543.920158,0
1645235820000,0.016335,0.016347,0.016330,0.016333,493155,1645235879999,8057.646700,45,160725,2626.880456,0
1645235880000,0.016332,0.016360,0.016332,0.016356,447821,1645235939999,7324.108120,54,136581,2232.869843,0
1645235940000,0.016359,0.016361,0.016348,0.016361,452029,1645235999999,7392.607436,31,401838,6571.736239,0
1645236000000,0.016363,0.016367,0.016342,0.016342,337584,1645236059999,5521.274250,41,148103,2422.208964,0
1645236060000,0.016342,0.016361,0.016317,0.016361,957866,1645236119999,15644.961335,59,657344,10734.488390,0
1645236120000,0.016358,0.016361,0.016343,0.016346,682510,1645236179999,11161.919976,43,173373,2833.619324,0
1645236180000,0.016346,0.016361,0.016346,0.016361,121953,1645236239999,1994.497388,32,69191,1131.628158,0
1645236240000,0.016363,0.016374,0.016363,0.016374,139543,1645236299999,2283.818554,39,58047,950.081035,0
1645236300000,0.016374,0.016374,0.016308,0.016309,660229,1645236359999,10796.139009,79,19231,313.980554,0
1645236360000,0.016309,0.016332,0.016306,0.016327,352080,1645236419999,5744.327832,52,278964,4551.016206,0
1645236420000,0.016328,0.016343,0.016328,0.016343,134127,1645236479999,2191.226957,26,81841,1336.915552,0
1645236480000,0.016341,0.016343,0.016328,0.016328,204746,1645236539999,3345.711815,31,20675,337.841585,0
1645236540000,0.016329,0.016340,0.016327,0.016328,327209,1645236599999,5344.936472,42,93388,1525.019561,0
1645236600000,0.016325,0.016334,0.016313,0.016334,650520,1645236659999,10616.761102,62,615823,10050.440712,0
1645236660000,0.016340,0.016349,0.016340,0.016349,130599,1645236719999,2134.273374,36,116807,1908.843294,0
1645236720000,0.016349,0.016354,0.016309,0.016309,997496,1645236779999,16287.182203,80,74424,1216.539529,0
1645236780000,0.016306,0.016310,0.016286,0.016298,1128213,1645236839999,18391.673425,96,229800,3745.996639,0
1645236840000,0.016298,0.016309,0.016297,0.016304,201122,1645236899999,3279.192770,73,124592,2031.393558,0
1645236900000,0.016305,0.016324,0.016303,0.016318,453297,1645236959999,7396.842584,75,354325,5782.435925,0
1645236960000,0.016318,0.016324,0.016301,0.016307,658597,1645237019999,10744.779829,88,442972,7226.886585,0
1645237020000,0.016301,0.016310,0.016301,0.016303,129403,1645237079999,2109.956590,39,102598,1672.969812,0
1645237080000,0.016300,0.016302,0.016285,0.016296,1314258,1645237139999,21414.116144,125,259922,4235.267048,0
1645237140000,0.016296,0.016312,0.016296,0.016297,276844,1645237199999,4514.162257,62,165818,2703.500847,0
1645237200000,0.016300,0.016309,0.016298,0.016304,198154,1645237259999,3230.860542,66,146846,2394.445180,0
1645237260000,0.016306,0.016314,0.016297,0.016298,452057,1645237319999,7369.715824,58,88064,1435.965653,0
1645237320000,0.016298,0.016302,0.016288,0.016288,161224,1645237379999,2627.460970,48,90847,1480.623645,0
1645237380000,0.016288,0.016293,0.016288,0.016288,158502,1645237439999,2581.856827,56,42341,689.721124,0
1645237440000,0.016285,0.016290,0.016275,0.016282,195753,1645237499999,3187.634691,56,108849,1772.568974,0
1645237500000,0.016277,0.016303,0.016277,0.016298,446284,1645237559999,7269.839057,93,349393,5691.723636,0
1645237560000,0.016297,0.016301,0.016292,0.016301,227292,1645237619999,3704.614948,61,9109,148.447951,0
1645237620000,0.016300,0.016309,0.016300,0.016301,223929,1645237679999,3651.266304,60,123929,2020.582874,0
1645237680000,0.016301,0.016303,0.016301,0.016303,72214,1645237739999,1177.235233,47,28088,457.892052,0
1645237740000,0.016303,0.016314,0.016303,0.016304,1301697,1645237799999,21228.422887,79,200838,3275.946372,0
1645237800000,0.016302,0.016333,0.016302,0.016320,1046770,1645237859999,17090.070097,78,158298,2583.552923,0
1645237860000,0.016309,0.016333,0.016309,0.016327,823649,1645237919999,13447.525147,89,618852,10103.698486,0
1645237920000,0.016326,0.016328,0.016312,0.016312,175412,1645237979999,2862.969782,42,64689,1056.115586,0
1645237980000,0.016312,0.016345,0.016312,0.016343,1773057,1645238039999,28961.946744,109,1710870,27946.135719,0
1645238040000,0.016340,0.016343,0.016331,0.016332,351887,1645238099999,5749.572214,50,28122,459.386744,0
1645238100000,0.016332,0.016340,0.016331,0.016334,100104,1645238159999,1635.515155,32,92815,1516.460066,0
1645238160000,0.016334,0.016349,0.016334,0.016343,240638,1645238219999,3932.736501,53,43040,703.480231,0
1645238220000,0.016344,0.016353,0.016340,0.016340,307690,1645238279999,5029.547453,45,39039,638.375965,0
1645238280000,0.016341,0.016348,0.016341,0.016344,165106,1645238339999,2698.961127,37,13774,225.148331,0
1645238340000,0.016343,0.016348,0.016317,0.016321,675668,1645238399999,11035.729910,69,96282,1571.761507,0
1645238400000,0.016324,0.016331,0.016320,0.016326,90492,1645238459999,1477.431910,47,59160,965.961097,0
1645238460000,0.016329,0.016333,0.016326,0.016333,171818,1645238519999,2805.986080,42,2785,45.484657,0
1645238520000,0.016337,0.016359,0.016337,0.016357,158972,1645238579999,2599.423112,36,111170,1818.011272,0
1645238580000,0.016359,0.016369,0.016353,0.016366,239377,1645238639999,3916.945352,56,69658,1139.871673,0
1645238640000,0.016366,0.016370,0.016353,0.016353,310781,1645238699999,5084.437951,64,60800,994.690656,0
1645238700000,0.016352,0.016360,0.016351,0.016352,167567,1645238759999,2740.084600,38,153561,2511.039963,0
1645238760000,0.016353,0.016365,0.016353,0.016364,124003,1645238819999,2028.714827,61,118122,1932.507766,0
1645238820000,0.016365,0.016373,0.016364,0.016368,49076,1645238879999,803.327225,30,37234,609.471646,0
1645238880000,0.016370,0.016379,0.016370,0.016370,50638,1645238939999,829.030804,20,12945,211.954441,0
1645238940000,0.016370,0.016377,0.016368,0.016368,107987,1645238999999,1767.809130,37,41237,675.110667,0
1645239000000,0.016370,0.016377,0.016365,0.016365,83913,1645239059999,1373.689327,42,17549,287.302235,0
1645239060000,0.016365,0.016384,0.016365,0.016384,222377,1645239119999,3640.262416,45,199815,3270.780388,0
1645239120000,0.016380,0.016389,0.016376,0.016378,126666,1645239179999,2074.858929,35,101379,1660.633463,0
1645239180000,0.016378,0.016380,0.016377,0.016378,157880,1645239239999,2585.940070,41,110921,1816.773030,0
1645239240000,0.016378,0.016380,0.016351,0.016355,430246,1645239299999,7039.145795,51,120939,1978.177570,0
1645239300000,0.016359,0.016363,0.016355,0.016358,70554,1645239359999,1154.120617,40,17364,284.037099,0
1645239360000,0.016359,0.016369,0.016352,0.016354,217402,1645239419999,3556.371828,48,152675,2497.451725,0
1645239420000,0.016358,0.016360,0.016350,0.016359,99665,1645239479999,1630.042613,36,91031,1488.852619,0
1645239480000,0.016358,0.016372,0.016355,0.016357,146109,1645239539999,2390.350530,37,123147,2014.568113,0
1645239540000,0.016357,0.016366,0.016357,0.016364,719535,1645239599999,11773.938622,39,316527,5178.332199,0
1645239600000,0.016364,0.016368,0.016341,0.016350,799416,1645239659999,13069.055711,66,489571,8001.968136,0
1645239660000,0.016350,0.016350,0.016346,0.016350,362562,1645239719999,5927.193355,44,214533,3506.976706,0
1645239720000,0.016352,0.016360,0.016351,0.016353,478727,1645239779999,7829.568667,56,366630,5996.468103,0
1645239780000,0.016355,0.016366,0.016355,0.016359,98576,1645239839999,1612.655273,43,81016,1325.317458,0
1645239840000,0.016361,0.016366,0.016357,0.016357,238494,1645239899999,3902.182793,38,19260,315.129687,0
1645239900000,0.016359,0.016375,0.016359,0.016367,127736,1645239959999,2091.144807,60,96888,1586.238159,0
1645239960000,0.016369,0.016374,0.016364,0.016373,231112,1645240019999,3783.640806,43,67782,1109.503342,0
1645240020000,0.016372,0.016376,0.016372,0.016376,44588,1645240079999,730.093214,30,25550,418.330150,0
1645240080000,0.016377,0.016382,0.016376,0.016379,70391,1645240139999,1152.955583,32,21884,358.451663,0
1645240140000,0.016380,0.016417,0.016380,0.016408,1382912,1645240199999,22682.940130,99,1040102,17057.423967,0
1645240200000,0.016408,0.016410,0.016401,0.016406,220911,1645240259999,3624.398749,64,43991,721.703498,0
1645240260000,0.016405,0.016440,0.016405,0.016440,1064338,1645240319999,17488.029591,104,951407,15633.500709,0
1645240320000,0.016440,0.016457,0.016413,0.016413,1155095,1645240379999,18988.556666,98,170977,2812.458447,0
1645240380000,0.016416,0.016416,0.016380,0.016394,540815,1645240439999,8868.565754,74,221190,3626.520656,0
1645240440000,0.016396,0.016425,0.016396,0.016412,349188,1645240499999,5729.424647,67,269606,4423.131431,0
1645240500000,0.016406,0.016412,0.016398,0.016401,125680,1645240559999,2061.985318,39,42801,702.073988,0
1645240560000,0.016403,0.016419,0.016403,0.016418,503851,1645240619999,8268.578136,68,303795,4985.500896,0
1645240620000,0.016413,0.016420,0.016402,0.016410,419650,1645240679999,6887.361715,54,227298,3730.389594,0
1645240680000,0.016408,0.016410,0.016396,0.016396,500584,1645240739999,8210.745984,46,188876,3098.326021,0
1645240740000,0.016396,0.016403,0.016368,0.016370,426806,1645240799999,6992.562171,55,83085,1362.483780,0
1645240800000,0.016370,0.016370,0.016347,0.016347,1520554,1645240859999,24876.213860,82,23716,387.900448,0
1645240860000,0.016349,0.016368,0.016349,0.016356,406778,1645240919999,6655.975790,57,172846,2828.720900,0
1645240920000,0.016353,0.016372,0.016353,0.016367,170205,1645240979999,2785.915109,63,118842,1945.197608,0
1645240980000,0.016367,0.016373,0.016356,0.016373,430148,1645241039999,7038.954662,76,208452,3411.516755,0
1645241040000,0.016370,0.016375,0.016363,0.016363,197587,1645241099999,3234.937864,42,89764,1469.718879,0
1645241100000,0.016366,0.016367,0.016352,0.016354,126837,1645241159999,2074.984212,46,34544,565.036609,0
1645241160000,0.016353,0.016365,0.016353,0.016362,102468,1645241219999,1676.003215,33,41022,671.043191,0
1645241220000,0.016363,0.016373,0.016360,0.016368,453512,1645241279999,7423.108554,59,34145,558.776139,0
1645241280000,0.016367,0.016370,0.016359,0.016359,244972,1645241339999,4009.420601,31,1895,31.012533,0
1645241340000,0.016359,0.016363,0.016338,0.016340,1157616,1645241399999,18930.601912,78,436747,7144.110230,0
1645241400000,0.016341,0.016343,0.016319,0.016338,289567,1645241459999,4729.674624,49,109006,1779.490535,0
1645241460000,0.016339,0.016345,0.016337,0.016339,781081,1645241519999,12763.592049,80,481334,7865.037281,0
1645241520000,0.016340,0.016346,0.016335,0.016336,293012,1645241579999,4788.721606,40,19555,319.523875,0
1645241580000,0.016336,0.016340,0.016295,0.016295,541470,1645241639999,8833.576932,56,92464,1509.622148,0
1645241640000,0.016293,0.016302,0.016288,0.016295,423249,1645241699999,6899.022269,54,193367,3152.037575,0
1645241700000,0.016296,0.016309,0.016280,0.016283,503887,1645241759999,8213.908859,63,86228,1405.732626,0
1645241760000,0.016278,0.016309,0.016270,0.016305,275098,1645241819999,4481.611392,75,196084,3193.813665,0
1645241820000,0.016311,0.016325,0.016310,0.016321,1167166,1645241879999,19048.763264,46,758157,12373.287519,0
1645241880000,0.016320,0.016321,0.016296,0.016297,255483,1645241939999,4169.283331,42,5499,89.665911,0
1645241940000,0.016297,0.016299,0.016289,0.016297,295375,1645241999999,4813.745552,53,155174,2528.839387,0
1645242000000,0.016301,0.016301,0.016288,0.016288,161084,1645242059999,2624.955177,24,28461,463.599823,0
1645242060000,0.016292,0.016309,0.016292,0.016309,86273,1645242119999,1406.152267,27,5822,94.900047,0
1645242120000,0.016304,0.016318,0.016301,0.016301,350362,1645242179999,5714.782233,35,4514,73.629017,0
1645242180000,0.016295,0.016304,0.016294,0.016304,101564,1645242239999,1655.135582,29,96584,1573.968945,0
1645242240000,0.016314,0.016315,0.016314,0.016315,31732,1645242299999,517.705776,21,1804,29.430456,0
1645242300000,0.016315,0.016315,0.016283,0.016286,434552,1645242359999,7086.160406,35,16858,274.747052,0
1645242360000,0.016282,0.016300,0.016282,0.016291,236088,1645242419999,3847.301773,42,105061,1711.950741,0
1645242420000,0.016291,0.016300,0.016291,0.016299,132871,1645242479999,2165.520179,22,57762,941.256688,0
1645242480000,0.016299,0.016313,0.016299,0.016312,316943,1645242539999,5168.623784,48,309964,5054.846120,0
1645242540000,0.016312,0.016340,0.016312,0.016338,205223,1645242599999,3351.254276,33,13600,222.052672,0
1645242600000,0.016338,0.016338,0.016297,0.016299,1505463,1645242659999,24558.717751,115,435313,7097.757290,0
1645242660000,0.016303,0.016307,0.016300,0.016305,16481,1645242719999,268.692424,23,5959,97.149236,0
1645242720000,0.016305,0.016310,0.016295,0.016296,236314,1645242779999,3853.366980,42,5162,84.178640,0
1645242780000,0.016297,0.016297,0.016289,0.016293,176084,1645242839999,2869.522741,20,22041,359.168612,0
1645242840000,0.016294,0.016310,0.016294,0.016303,312077,1645242899999,5087.177811,54,147843,2409.989941,0
1645242900000,0.016303,0.016312,0.016275,0.016275,736560,1645242959999,12005.698336,67,23973,390.502264,0
1645242960000,0.016280,0.016281,0.016275,0.016280,79078,1645243019999,1287.181311,38,31083,505.992546,0
1645243020000,0.016281,0.016289,0.016281,0.016288,356710,1645243079999,5809.118500,43,349762,5695.965755,0
1645243080000,0.016289,0.016291,0.016285,0.016290,89899,1645243139999,1464.394117,21,4530,73.788072,0
1645243140000,0.016290,0.016292,0.016277,0.016285,631087,1645243199999,10280.140127,49,63557,1034.730345,0
1645243200000,0.016292,0.016351,0.016283,0.016351,3355478,1645243259999,54762.689456,209,2080553,33949.885893,0
1645243260000,0.016347,0.016350,0.016305,0.016307,698019,1645243319999,11396.587039,71,32823,535.906309,0
1645243320000,0.016304,0.016324,0.016304,0.016324,702465,1645243379999,11459.005826,66,668014,10896.961531,0
1645243380000,0.016326,0.016334,0.016323,0.016328,338314,1645243439999,5524.153813,45,255147,4166.287789,0
1645243440000,0.016325,0.016333,0.016324,0.016324,190868,1645243499999,3116.538114,30,140341,2291.401826,0
1645243500000,0.016325,0.016345,0.016319,0.016345,435434,1645243559999,7114.031504,58,380071,6210.365093,0
1645243560000,0.016344,0.016350,0.016337,0.016340,387896,1645243619999,6338.545614,44,41249,674.301723,0
1645243620000,0.016338,0.016351,0.016337,0.016351,262489,1645243679999,4289.943085,54,150534,2460.741567,0
1645243680000,0.016349,0.016359,0.016349,0.016357,260032,1645243739999,4252.033189,44,91608,1497.940853,0
1645243740000,0.016355,0.016355,0.016337,0.016346,167525,1645243799999,2738.196559,29,43931,717.844150,0
1645243800000,0.016344,0.016350,0.016343,0.016343,75144,1645243859999,1228.299153,24,28907,472.593661,0
1645243860000,0.016345,0.016370,0.016344,0.016370,355054,1645243919999,5808.323274,44,344800,5640.506592,0
1645243920000,0.016371,0.016378,0.016328,0.016328,767382,1645243979999,12551.482626,73,63045,1031.891528,0
1645243980000,0.016333,0.016342,0.016294,0.016307,1386543,1645244039999,22629.259878,96,826698,13488.851595,0
1645244040000,0.016306,0.016318,0.016300,0.016301,1227251,1645244099999,20007.238032,56,243133,3965.003791,0
1645244100000,0.016301,0.016331,0.016301,0.016324,583826,1645244159999,9523.906488,53,562296,9172.393333,0
1645244160000,0.016324,0.016345,0.016323,0.016337,319989,1645244219999,5228.128868,42,148997,2434.149162,0
1645244220000,0.016339,0.016353,0.016336,0.016350,506824,1645244279999,8282.351770,40,333782,5454.324873,0
1645244280000,0.016351,0.016382,0.016351,0.016374,1010363,1645244339999,16542.649645,94,979135,16031.369399,0
1645244340000,0.016377,0.016414,0.016377,0.016378,1589153,1645244399999,26052.762580,131,1184094,19410.139442,0
1645244400000,0.016379,0.016391,0.016376,0.016378,293737,1645244459999,4813.289473,43,224469,3678.596363,0
1645244460000,0.016378,0.016378,0.016364,0.016373,435995,1645244519999,7138.623167,41,33948,555.583127,0
1645244520000,0.016374,0.016396,0.016374,0.016396,94293,1645244579999,1545.586367,24,26233,429.826053,0
1645244580000,0.016394,0.016425,0.016394,0.016425,818127,1645244639999,13423.196579,61,555031,9107.622662,0
1645244640000,0.016422,0.016436,0.016419,0.016426,624092,1645244699999,10252.874228,61,346366,5690.580843,0
1645244700000,0.016424,0.016432,0.016409,0.016419,690733,1645244759999,11340.634261,70,460512,7562.147842,0
1645244760000,0.016421,0.016428,0.016415,0.016422,136811,1645244819999,2246.395837,31,83066,1364.120365,0
1645244820000,0.016422,0.016436,0.016412,0.016412,1066765,1645244879999,17520.712384,64,273059,4484.119216,0
1645244880000,0.016414,0.016432,0.016404,0.016413,1372710,1645244939999,22530.770779,77,990541,16255.385276,0
1645244940000,0.016415,0.016431,0.016409,0.016421,711257,1645244999999,11676.129907,55,167996,2759.464767,0
1645245000000,0.016427,0.016452,0.016423,0.016447,377051,1645245059999,6200.891748,43,229969,3782.791021,0
1645245060000,0.016445,0.016449,0.016395,0.016401,2072416,1645245119999,34006.998478,128,321370,5274.753923,0
1645245120000,0.016397,0.016415,0.016397,0.016413,209513,1645245179999,3437.162077,49,190050,3117.723040,0
1645245180000,0.016412,0.016423,0.016403,0.016417,247862,1645245239999,4067.942234,53,188689,3097.076437,0
1645245240000,0.016420,0.016441,0.016420,0.016434,422719,1645245299999,6944.299923,28,289463,4754.488740,0
1645245300000,0.016438,0.016439,0.016413,0.016427,280205,1645245359999,4602.944411,47,105643,1735.307281,0
1645245360000,0.016420,0.016427,0.016411,0.016422,135805,1645245419999,2230.155649,25,68722,1128.535745,0
1645245420000,0.016418,0.016418,0.016397,0.016399,258006,1645245479999,4234.992394,28,69613,1141.969120,0
1645245480000,0.016402,0.016402,0.016397,0.016400,137536,1645245539999,2255.616217,26,69387,1137.861119,0
1645245540000,0.016396,0.016409,0.016396,0.016402,165377,1645245599999,2712.750517,39,106620,1748.695028,0
1645245600000,0.016404,0.016410,0.016394,0.016396,251302,1645245659999,4121.699262,33,97698,1602.606130,0
1645245660000,0.016397,0.016405,0.016391,0.016391,358481,1645245719999,5879.504539,42,103981,1705.304946,0
1645245720000,0.016392,0.016414,0.016392,0.016410,511533,1645245779999,8393.182021,38,173962,2854.648459,0
1645245780000,0.016411,0.016421,0.016409,0.016415,752456,1645245839999,12350.286153,54,448546,7361.104628,0
1645245840000,0.016410,0.016421,0.016409,0.016413,272312,1645245899999,4471.086908,34,205547,3375.081152,0
1645245900000,0.016413,0.016416,0.016377,0.016377,301375,1645245959999,4940.777087,32,138580,2273.017431,0
1645245960000,0.016376,0.016385,0.016361,0.016383,713452,1645246019999,11679.066837,71,423239,6929.589930,0
1645246020000,0.016380,0.016393,0.016380,0.016393,1009738,1645246079999,16549.130485,51,247564,4057.408783,0
1645246080000,0.016394,0.016395,0.016390,0.016390,207595,1645246139999,3402.790215,25,10861,178.063511,0
1645246140000,0.016392,0.016395,0.016375,0.016381,394746,1645246199999,6469.990900,44,100909,1653.688834,0
1645246200000,0.016383,0.016384,0.016368,0.016384,259087,1645246259999,4243.507385,50,220522,3611.925159,0
1645246260000,0.016379,0.016387,0.016369,0.016377,694464,1645246319999,11376.622733,46,353994,5799.598568,0
1645246320000,0.016377,0.016385,0.016376,0.016376,247038,1645246379999,4047.043757,33,93820,1536.749036,0
1645246380000,0.016374,0.016383,0.016373,0.016374,271790,1645246439999,4452.109704,45,108461,1776.442659,0
1645246440000,0.016378,0.016381,0.016368,0.016368,213362,1645246499999,3493.705967,36,59576,975.332500,0
1645246500000,0.016368,0.016377,0.016368,0.016377,193709,1645246559999,3171.552010,25,172448,2823.493393,0
1645246560000,0.016376,0.016412,0.016375,0.016412,1239794,1645246619999,20319.572257,69,1127958,18487.959803,0
1645246620000,0.016413,0.016415,0.016391,0.016400,753407,1645246679999,12361.226443,72,254147,4169.713288,0
1645246680000,0.016403,0.016413,0.016382,0.016386,1220431,1645246739999,20007.863498,61,273863,4489.634897,0
1645246740000,0.016390,0.016390,0.016377,0.016378,762627,1645246799999,12493.974268,39,215238,3525.645207,0
1645246800000,0.016379,0.016400,0.016372,0.016399,1548528,1645246859999,25376.669640,75,1425671,23364.073235,0
1645246860000,0.016394,0.016418,0.016383,0.016410,554433,1645246919999,9087.732913,49,531535,8712.287400,0
1645246920000,0.016412,0.016440,0.016410,0.016423,2989281,1645246979999,49099.114620,107,1266604,20799.796151,0
1645246980000,0.016428,0.016436,0.016415,0.016423,1449534,1645247039999,23810.841092,90,879490,14450.815997,0
1645247040000,0.016416,0.016416,0.016400,0.016406,1445865,1645247099999,23720.776091,55,138378,2269.635903,0
1645247100000,0.016410,0.016413,0.016398,0.016398,230538,1645247159999,3782.241248,35,138173,2267.389056,0
1645247160000,0.016399,0.016415,0.016391,0.016407,724707,1645247219999,11885.570046,50,388503,6373.148837,0
1645247220000,0.016412,0.016415,0.016403,0.016407,335509,1645247279999,5506.361174,45,18515,303.745854,0
1645247280000,0.016406,0.016415,0.016395,0.016406,503282,1645247339999,8257.179686,71,320573,5259.729156,0
1645247340000,0.016405,0.016419,0.016405,0.016415,216409,1645247399999,3551.863492,19,135145,2217.913652,0
1645247400000,0.016415,0.016419,0.016395,0.016395,322723,1645247459999,5296.631909,52,148076,2430.272791,0
1645247460000,0.016394,0.016394,0.016382,0.016385,164830,1645247519999,2700.532299,43,24740,405.333000,0
1645247520000,0.016382,0.016386,0.016372,0.016380,239070,1645247579999,3915.697403,45,99579,1630.930617,0
1645247580000,0.016381,0.016388,0.016376,0.016387,1131636,1645247639999,18541.023696,80,510167,8358.834907,0
1645247640000,0.016390,0.016395,0.016384,0.016392,448956,1645247699999,7358.440418,50,217289,3561.415950,0
1645247700000,0.016392,0.016392,0.016380,0.016382,562802,1645247759999,9223.016550,81,155891,2554.163224,0
1645247760000,0.016382,0.016384,0.016366,0.016366,556938,1645247819999,9121.264554,38,110978,1817.734285,0
1645247820000,0.016366,0.016401,0.016366,0.016401,795721,1645247879999,13042.555382,83,520990,8537.566913,0
1645247880000,0.016401,0.016401,0.016386,0.016389,162515,1645247939999,2664.076914,27,106726,1749.587742,0
1645247940000,0.016387,0.016405,0.016387,0.016397,333246,1645247999999,5463.398418,56,165253,2709.221970,0
1645248000000,0.016398,0.016419,0.016397,0.016419,446189,1645248059999,7319.983390,79,412986,6775.276651,0
1645248060000,0.016423,0.016455,0.016417,0.016418,1174398,1645248119999,19304.238007,114,371178,6100.019242,0
1645248120000,0.016418,0.016419,0.016407,0.016407,238768,1645248179999,3918.927011,40,111294,1826.232094,0
1645248180000,0.016406,0.016434,0.016406,0.016431,1256271,1645248239999,20623.386452,87,603736,9911.495329,0
1645248240000,0.016429,0.016441,0.016426,0.016434,680701,1645248299999,11186.131277,118,427513,7025.994834,0
1645248300000,0.016436,0.016457,0.016436,0.016454,1008775,1645248359999,16595.265800,112,256512,4218.706074,0
1645248360000,0.016457,0.016465,0.016456,0.016464,245991,1645248419999,4048.687104,53,98317,1618.289262,0
1645248420000,0.016464,0.016500,0.016464,0.016487,1103438,1645248479999,18193.620077,113,735087,12121.076890,0
1645248480000,0.016489,0.016513,0.016484,0.016484,1883138,1645248539999,31071.715816,114,1471270,24276.491622,0
1645248540000,0.016488,0.016508,0.016459,0.016459,1152123,1645248599999,19000.149443,90,61552,1015.442891,0
1645248600000,0.016457,0.016477,0.016457,0.016475,551531,1645248659999,9082.139676,65,485743,7999.098158,0
1645248660000,0.016471,0.016476,0.016464,0.016464,1580773,1645248719999,26038.168952,80,339931,5599.673689,0
1645248720000,0.016459,0.016459,0.016447,0.016457,211607,1645248779999,3481.593583,48,144083,2370.451981,0
1645248780000,0.016458,0.016477,0.016458,0.016470,706409,1645248839999,11639.018247,46,32467,534.888874,0
1645248840000,0.016478,0.016482,0.016447,0.016455,277528,1645248899999,4570.159184,47,89971,1480.400639,0
1645248900000,0.016457,0.016470,0.016457,0.016466,450590,1645248959999,7420.318071,56,204120,3361.467311,0
1645248960000,0.016467,0.016471,0.016457,0.016469,107166,1645249019999,1764.287722,46,41679,686.166708,0
1645249020000,0.016470,0.016476,0.016467,0.016470,446267,1645249079999,7350.191544,53,81038,1334.902209,0
1645249080000,0.016471,0.016472,0.016459,0.016466,47118,1645249139999,775.954699,28,18769,309.035459,0
1645249140000,0.016472,0.016493,0.016472,0.016486,245188,1645249199999,4041.713488,53,154372,2544.494923,0
1645249200000,0.016485,0.016485,0.016450,0.016450,684612,1645249259999,11274.063192,90,301798,4967.612538,0
1645249260000,0.016442,0.016451,0.016442,0.016449,134955,1645249319999,2219.344522,43,92385,1519.288879,0
1645249320000,0.016448,0.016448,0.016441,0.016442,81037,1645249379999,1332.664145,26,62966,1035.533469,0
1645249380000,0.016442,0.016442,0.016419,0.016422,707606,1645249439999,11622.918495,58,518548,8516.934227,0
1645249440000,0.016423,0.016448,0.016423,0.016448,84626,1645249499999,1391.147834,36,75910,1247.880385,0
1645249500000,0.016445,0.016452,0.016417,0.016448,3836343,1645249559999,63003.970042,114,2999106,49241.998155,0
1645249560000,0.016437,0.016438,0.016404,0.016413,1108840,1645249619999,18211.606702,56,212901,3493.730030,0
1645249620000,0.016414,0.016414,0.016394,0.016394,136066,1645249679999,2233.070513,34,10050,164.912246,0
1645249680000,0.016395,0.016413,0.016378,0.016410,1024630,1645249739999,16793.913207,63,348576,5714.582028,0
1645249740000,0.016417,0.016437,0.016417,0.016432,576354,1645249799999,9469.794494,46,324207,5325.881109,0
1645249800000,0.016432,0.016442,0.016422,0.016432,80574,1645249859999,1323.872403,33,59470,977.099063,0
1645249860000,0.016435,0.016447,0.016431,0.016438,333407,1645249919999,5481.661100,44,310850,5110.904531,0
1645249920000,0.016439,0.016451,0.016438,0.016443,251739,1645249979999,4140.059588,35,249380,4101.272354,0
1645249980000,0.016448,0.016448,0.016410,0.016411,316560,1645250039999,5198.139621,41,38797,637.375308,0
1645250040000,0.016412,0.016449,0.016412,0.016449,1611285,1645250099999,26479.332710,83,1340852,22033.892497,0
1645250100000,0.016449,0.016449,0.016433,0.016434,462869,1645250159999,7609.462111,45,59339,975.891555,0
1645250160000,0.016436,0.016440,0.016430,0.016439,85832,1645250219999,1410.462080,34,64977,1067.659578,0
1645250220000,0.016440,0.016473,0.016440,0.016473,496674,1645250279999,8177.641205,49,484542,7977.859020,0
1645250280000,0.016471,0.016472,0.016462,0.016462,198905,1645250339999,3276.150233,27,69501,1144.812129,0
1645250340000,0.016450,0.016450,0.016426,0.016441,1220180,1645250399999,20052.084065,70,1018018,16730.624490,0
1645250400000,0.016439,0.016442,0.016429,0.016429,384254,1645250459999,6315.104730,34,56109,922.120330,0
1645250460000,0.016429,0.016437,0.016422,0.016428,796878,1645250519999,13088.748717,66,465282,7641.912503,0
1645250520000,0.016428,0.016448,0.016422,0.016448,749066,1645250579999,12307.199804,66,407349,6694.197168,0
1645250580000,0.016449,0.016456,0.016449,0.016450,329697,1645250639999,5424.306447,40,232652,3827.635540,0
1645250640000,0.016450,0.016456,0.016449,0.016451,180215,1645250699999,2964.641117,38,73197,1204.250621,0
1645250700000,0.016452,0.016456,0.016428,0.016431,567772,1645250759999,9339.177102,40,41712,685.702451,0
1645250760000,0.016432,0.016432,0.016428,0.016428,82003,1645250819999,1347.272717,22,56867,934.237965,0
1645250820000,0.016427,0.016428,0.016402,0.016416,535462,1645250879999,8788.965331,58,475775,7809.517991,0
1645250880000,0.016415,0.016430,0.016413,0.016428,224730,1645250939999,3690.263682,51,194871,3199.906098,0
1645250940000,0.016428,0.016437,0.016425,0.016430,76646,1645250999999,1259.351687,41,32529,534.484774,0
1645251000000,0.016430,0.016446,0.016430,0.016446,172611,1645251059999,2838.488435,30,165416,2720.205215,0
1645251060000,0.016445,0.016454,0.016437,0.016439,119044,1645251119999,1958.003850,30,25192,414.248473,0
1645251120000,0.016439,0.016439,0.016428,0.016429,521680,1645251179999,8572.703838,59,165709,2722.926160,0
1645251180000,0.016430,0.016437,0.016428,0.016436,80016,1645251239999,1314.878321,33,56124,922.335363,0
1645251240000,0.016434,0.016454,0.016434,0.016437,999429,1645251299999,16435.900964,51,371973,6115.099710,0
1645251300000,0.016438,0.016455,0.016438,0.016446,145218,1645251359999,2389.135868,22,13941,229.186418,0
1645251360000,0.016441,0.016459,0.016437,0.016459,655892,1645251419999,10789.444550,64,439126,7223.786572,0
1645251420000,0.016454,0.016478,0.016454,0.016477,173381,1645251479999,2856.042907,29,153385,2526.666212,0
1645251480000,0.016465,0.016465,0.016442,0.016443,305475,1645251539999,5025.870834,53,63827,1049.835954,0
1645251540000,0.016442,0.016476,0.016442,0.016474,168005,1645251599999,2765.356145,26,161394,2656.523610,0
1645251600000,0.016474,0.016477,0.016467,0.016472,90711,1645251659999,1494.266052,34,49179,810.258847,0
1645251660000,0.016469,0.016475,0.016469,0.016474,82194,1645251719999,1353.843602,23,68183,1123.039518,0
1645251720000,0.016473,0.016475,0.016451,0.016457,567439,1645251779999,9344.068617,41,13860,228.280702,0
1645251780000,0.016455,0.016463,0.016455,0.016462,66476,1645251839999,1094.152711,20,65212,1073.347039,0
1645251840000,0.016460,0.016479,0.016460,0.016478,365564,1645251899999,6022.148055,30,360963,5946.388994,0
1645251900000,0.016471,0.016479,0.016465,0.016479,181329,1645251959999,2987.063373,34,109208,1799.261366,0
1645251960000,0.016471,0.016479,0.016471,0.016479,70560,1645252019999,1162.576810,35,47388,780.825426,0
1645252020000,0.016480,0.016501,0.016480,0.016484,382371,1645252079999,6307.314238,52,277510,4578.485650,0
1645252080000,0.016482,0.016483,0.016478,0.016482,146052,1645252139999,2407.075836,23,16786,276.635925,0
1645252140000,0.016481,0.016490,0.016481,0.016490,119556,1645252199999,1971.305385,29,15721,259.176123,0
1645252200000,0.016499,0.016516,0.016498,0.016500,678411,1645252259999,11199.941250,53,25951,428.415617,0
1645252260000,0.016498,0.016517,0.016498,0.016513,714544,1645252319999,11796.056034,71,318977,5266.542416,0
1645252320000,0.016511,0.016518,0.016511,0.016511,365964,1645252379999,6042.687707,28,23785,392.857723,0
1645252380000,0.016511,0.016532,0.016511,0.016516,716721,1645252439999,11842.932448,79,548382,9062.171056,0
1645252440000,0.016512,0.016526,0.016491,0.016496,1624541,1645252499999,26819.621346,82,455477,7519.092209,0
1645252500000,0.016496,0.016504,0.016491,0.016504,503199,1645252559999,8300.466907,58,404247,6668.602007,0
1645252560000,0.016505,0.016546,0.016501,0.016530,1365806,1645252619999,22564.429125,108,892072,14741.403370,0
1645252620000,0.016527,0.016532,0.016510,0.016511,607247,1645252679999,10032.343325,52,383732,6339.864062,0
1645252680000,0.016510,0.016568,0.016510,0.016551,2448538,1645252739999,40487.791705,152,2013868,33303.028054,0
1645252740000,0.016547,0.016552,0.016509,0.016512,728686,1645252799999,12049.946628,58,122226,2022.700307,0
1645252800000,0.016510,0.016549,0.016510,0.016538,533941,1645252859999,8821.849879,73,437039,7218.980296,0
1645252860000,0.016543,0.016572,0.016543,0.016563,807179,1645252919999,13363.204856,72,447326,7405.030985,0
1645252920000,0.016567,0.016567,0.016525,0.016546,3112449,1645252979999,51493.014940,125,1424854,23573.443774,0
1645252980000,0.016546,0.016549,0.016519,0.016519,1130364,1645253039999,18697.382779,81,62626,1035.284699,0
1645253040000,0.016522,0.016525,0.016504,0.016523,399403,1645253099999,6596.795291,35,199880,3301.734244,0
1645253100000,0.016524,0.016546,0.016523,0.016528,762009,1645253159999,12604.083680,39,180122,2979.015697,0
1645253160000,0.016530,0.016537,0.016519,0.016523,402405,1645253219999,6649.720109,63,201275,3326.727107,0
1645253220000,0.016524,0.016541,0.016513,0.016518,689975,1645253279999,11410.731204,38,8694,143.650815,0
1645253280000,0.016525,0.016538,0.016518,0.016535,197656,1645253339999,3267.598757,43,173532,2869.017475,0
1645253340000,0.016534,0.016553,0.016533,0.016547,875898,1645253399999,14491.643916,48,138297,2288.641362,0
1645253400000,0.016548,0.016549,0.016518,0.016532,264846,1645253459999,4379.512980,35,125479,2075.748694,0
1645253460000,0.016537,0.016572,0.016537,0.016567,1278879,1645253519999,21181.388428,61,690229,11429.539676,0
1645253520000,0.016558,0.016586,0.016558,0.016565,457479,1645253579999,7581.004421,63,195739,3243.747746,0
1645253580000,0.016566,0.016571,0.016554,0.016570,418998,1645253639999,6940.748591,34,349203,5784.526211,0
1645253640000,0.016568,0.016593,0.016563,0.016563,553089,1645253699999,9170.389856,80,448928,7443.771519,0
1645253700000,0.016560,0.016566,0.016550,0.016559,206401,1645253759999,3417.912992,43,153261,2538.194931,0
1645253760000,0.016559,0.016565,0.016553,0.016561,85491,1645253819999,1415.805982,38,17822,295.159946,0
1645253820000,0.016562,0.016610,0.016562,0.016602,1452021,1645253879999,24087.610850,139,1136217,18850.735809,0
1645253880000,0.016597,0.016600,0.016574,0.016574,522517,1645253939999,8668.873719,61,258980,4297.224975,0
1645253940000,0.016582,0.016582,0.016557,0.016557,314593,1645253999999,5214.565930,28,65955,1092.023707,0
1645254000000,0.016557,0.016578,0.016549,0.016563,387416,1645254059999,6414.059681,47,275730,4563.738606,0
1645254060000,0.016562,0.016573,0.016558,0.016559,142026,1645254119999,2353.198552,44,31214,517.031783,0
1645254120000,0.016561,0.016571,0.016543,0.016550,689322,1645254179999,11411.980304,59,246776,4086.407000,0
1645254180000,0.016552,0.016566,0.016543,0.016560,496900,1645254239999,8227.359088,58,255511,4231.879215,0
1645254240000,0.016564,0.016609,0.016564,0.016604,754966,1645254299999,12534.819716,47,733197,12173.863700,0
1645254300000,0.016608,0.016613,0.016600,0.016602,306100,1645254359999,5083.377342,42,186638,3099.806655,0
1645254360000,0.016602,0.016606,0.016588,0.016592,537639,1645254419999,8923.531706,55,228441,3792.180911,0
1645254420000,0.016595,0.016619,0.016595,0.016614,183171,1645254479999,3042.054650,60,161495,2682.037721,0
1645254480000,0.016614,0.016614,0.016572,0.016579,576740,1645254539999,9573.387885,74,21520,356.988474,0
1645254540000,0.016577,0.016586,0.016577,0.016581,53741,1645254599999,891.134306,21,13064,216.590802,0
1645254600000,0.016583,0.016583,0.016571,0.016578,29393,1645254659999,487.309554,23,19657,325.899200,0
1645254660000,0.016575,0.016592,0.016565,0.016591,129671,1645254719999,2149.205045,39,65819,1091.093335,0
1645254720000,0.016592,0.016597,0.016587,0.016591,67799,1645254779999,1124.900902,30,30739,510.104367,0
1645254780000,0.016583,0.016598,0.016581,0.016593,575402,1645254839999,9545.057936,41,332772,5518.406861,0
1645254840000,0.016598,0.016624,0.016598,0.016615,705384,1645254899999,11718.409969,91,637485,10590.413159,0
1645254900000,0.016616,0.016625,0.016606,0.016609,632141,1645254959999,10506.073635,55,108043,1796.120821,0
1645254960000,0.016609,0.016609,0.016578,0.016580,776186,1645255019999,12878.632460,77,181196,3006.413971,0
1645255020000,0.016580,0.016580,0.016567,0.016567,105855,1645255079999,1754.026513,31,3233,53.591602,0
1645255080000,0.016560,0.016595,0.016560,0.016591,457383,1645255139999,7584.529121,67,360238,5973.331723,0
1645255140000,0.016590,0.016620,0.016584,0.016614,797493,1645255199999,13238.646440,77,728882,12100.136873,0
1645255200000,0.016620,0.016623,0.016605,0.016609,277516,1645255259999,4609.974472,47,159180,2644.587333,0
1645255260000,0.016610,0.016610,0.016591,0.016600,132112,1645255319999,2192.599141,21,17505,290.539091,0
1645255320000,0.016598,0.016623,0.016598,0.016617,460719,1645255379999,7655.901955,47,426287,7083.884178,0
1645255380000,0.016614,0.016616,0.016590,0.016594,319142,1645255439999,5297.804358,34,258133,4285.628009,0
1645255440000,0.016592,0.016614,0.016592,0.016609,214311,1645255499999,3559.113724,47,105405,1749.980124,0
1645255500000,0.016604,0.016629,0.016603,0.016622,196398,1645255559999,3263.048379,42,82022,1362.814684,0
1645255560000,0.016623,0.016629,0.016619,0.016619,131412,1645255619999,2184.317519,20,17952,298.520400,0
1645255620000,0.016620,0.016623,0.016601,0.016602,475821,1645255679999,7905.582868,47,21241,352.889417,0
1645255680000,0.016601,0.016610,0.016599,0.016601,555694,1645255739999,9225.422803,41,394874,6555.807698,0
1645255740000,0.016602,0.016602,0.016587,0.016589,87366,1645255799999,1449.495034,22,8716,144.583822,0
1645255800000,0.016591,0.016602,0.016587,0.016594,91530,1645255859999,1518.965260,22,21628,358.977991,0
1645255860000,0.016595,0.016632,0.016595,0.016623,647658,1645255919999,10760.501433,71,446552,7420.549966,0
1645255920000,0.016621,0.016621,0.016602,0.016604,155147,1645255979999,2577.596108,25,39250,651.819580,0
1645255980000,0.016598,0.016608,0.016582,0.016584,481836,1645256039999,7996.059854,75,241744,4013.711789,0
1645256040000,0.016584,0.016588,0.016576,0.016582,163680,1645256099999,2713.712097,29,42901,711.269657,0
1645256100000,0.016573,0.016595,0.016573,0.016589,58579,1645256159999,971.759238,30,55776,925.272380,0
1645256160000,0.016589,0.016599,0.016589,0.016599,115067,1645256219999,1909.378862,27,65596,1088.276728,0
1645256220000,0.016592,0.016596,0.016584,0.016587,170039,1645256279999,2820.466205,35,54368,901.973592,0
1645256280000,0.016588,0.016599,0.016588,0.016596,111179,1645256339999,1844.918521,30,111179,1844.918521,0
1645256340000,0.016598,0.016613,0.016597,0.016607,416391,1645256399999,6915.458633,49,381750,6340.191723,0
1645256400000,0.016610,0.016616,0.016599,0.016601,303842,1645256459999,5047.234522,28,125567,2086.116888,0
1645256460000,0.016607,0.016607,0.016600,0.016600,30352,1645256519999,503.879726,10,525,8.718675,0
1645256520000,0.016600,0.016606,0.016591,0.016605,237321,1645256579999,3939.041174,37,90821,1507.007202,0
1645256580000,0.016601,0.016601,0.016592,0.016596,353260,1645256639999,5862.243018,25,253695,4209.433993,0
1645256640000,0.016601,0.016621,0.016601,0.016613,154773,1645256699999,2571.101753,31,33807,561.283450,0
1645256700000,0.016618,0.016630,0.016616,0.016621,212657,1645256759999,3535.774831,26,34108,566.983123,0
1645256760000,0.016620,0.016625,0.016600,0.016606,707880,1645256819999,11756.757819,59,226326,3757.444100,0
1645256820000,0.016607,0.016628,0.016607,0.016611,133418,1645256879999,2217.410965,32,131038,2177.870123,0
1645256880000,0.016610,0.016616,0.016595,0.016603,366789,1645256939999,6090.185677,59,79289,1316.616683,0
1645256940000,0.016600,0.016601,0.016575,0.016575,343210,1645256999999,5692.971303,28,14470,240.180188,0
1645257000000,0.016576,0.016601,0.016576,0.016601,468945,1645257059999,7780.267817,57,278312,4618.101764,0
1645257060000,0.016594,0.016600,0.016581,0.016594,574327,1645257119999,9525.166452,47,148154,2456.953716,0
1645257120000,0.016595,0.016608,0.016590,0.016600,315240,1645257179999,5233.423342,30,44200,733.568606,0
1645257180000,0.016598,0.016605,0.016583,0.016583,211052,1645257239999,3503.122466,37,78468,1302.426001,0
1645257240000,0.016580,0.016606,0.016580,0.016603,476609,1645257299999,7908.891994,47,444266,7372.339495,0
1645257300000,0.016603,0.016609,0.016601,0.016602,67038,1645257359999,1112.959624,23,36694,609.168265,0
1645257360000,0.016603,0.016603,0.016591,0.016596,510619,1645257419999,8475.041405,52,136923,2272.552069,0
1645257420000,0.016593,0.016600,0.016575,0.016575,386656,1645257479999,6412.299861,47,80800,1340.682210,0
1645257480000,0.016583,0.016597,0.016579,0.016595,111346,1645257539999,1846.407999,21,102985,1707.722349,0
1645257540000,0.016583,0.016604,0.016583,0.016590,984580,1645257599999,16334.771091,65,855805,14197.936173,0
1645257600000,0.016590,0.016592,0.016567,0.016568,1035039,1645257659999,17161.642042,60,467827,7759.205446,0
1645257660000,0.016568,0.016590,0.016559,0.016561,2629613,1645257719999,43587.004797,121,463291,7681.250746,0
1645257720000,0.016565,0.016577,0.016554,0.016567,1487754,1645257779999,24643.145562,78,831527,13774.240944,0
1645257780000,0.016570,0.016605,0.016569,0.016591,615828,1645257839999,10214.807243,74,352399,5842.798806,0
1645257840000,0.016589,0.016597,0.016580,0.016597,295065,1645257899999,4893.863159,39,189148,3137.050603,0
1645257900000,0.016595,0.016600,0.016583,0.016584,384565,1645257959999,6381.074532,42,99420,1650.249385,0
1645257960000,0.016584,0.016590,0.016584,0.016585,141590,1645258019999,2348.429415,30,136773,2268.536796,0
1645258020000,0.016586,0.016610,0.016586,0.016605,1006330,1645258079999,16706.974577,59,971016,16120.869665,0
1645258080000,0.016605,0.016606,0.016602,0.016606,255191,1645258139999,4237.681030,31,238668,3963.317951,0
1645258140000,0.016606,0.016620,0.016605,0.016609,332381,1645258199999,5520.764755,38,125144,2078.975846,0
1645258200000,0.016610,0.016623,0.016608,0.016613,556291,1645258259999,9241.564700,49,142070,2360.341733,0
1645258260000,0.016622,0.016623,0.016594,0.016594,244155,1645258319999,4054.860345,16,0,0.000000,0
1645258320000,0.016589,0.016597,0.016583,0.016597,259488,1645258379999,4304.415440,37,79819,1323.983401,0
1645258380000,0.016593,0.016593,0.016557,0.016565,628388,1645258439999,10411.875548,51,241604,4004.310220,0
1645258440000,0.016574,0.016575,0.016561,0.016568,182290,1645258499999,3020.251124,21,178888,2963.880850,0
1645258500000,0.016561,0.016582,0.016555,0.016576,463248,1645258559999,7675.146479,32,232349,3849.682390,0
1645258560000,0.016576,0.016583,0.016569,0.016569,200761,1645258619999,3327.589313,38,57763,957.395369,0
1645258620000,0.016560,0.016579,0.016557,0.016575,438719,1645258679999,7265.658574,29,312317,5172.559727,0
1645258680000,0.016579,0.016595,0.016579,0.016595,96843,1645258739999,1606.145936,18,86364,1432.349431,0
1645258740000,0.016588,0.016592,0.016585,0.016585,96292,1645258799999,1597.390114,20,45412,753.335458,0
1645258800000,0.016588,0.016590,0.016581,0.016590,137793,1645258859999,2285.123649,20,23629,391.950027,0
1645258860000,0.016583,0.016585,0.016560,0.016577,567826,1645258919999,9407.507570,33,538762,8925.510402,0
1645258920000,0.016572,0.016591,0.016572,0.016591,145140,1645258979999,2406.541540,32,100948,1673.691153,0
1645258980000,0.016585,0.016585,0.016559,0.016573,596621,1645259039999,9882.828208,24,534316,8850.179040,0
1645259040000,0.016568,0.016575,0.016556,0.016558,502728,1645259099999,8327.084707,41,94542,1565.951678,0
1645259100000,0.016554,0.016555,0.016498,0.016498,1949478,1645259159999,32204.602681,98,217697,3599.547855,0
1645259160000,0.016498,0.016520,0.016448,0.016489,3348623,1645259219999,55176.790702,171,751302,12373.994584,0
1645259220000,0.016478,0.016495,0.016458,0.016495,1398643,1645259279999,23041.715488,49,756906,12467.801043,0
1645259280000,0.016495,0.016499,0.016487,0.016499,253315,1645259339999,4178.340892,36,211463,3488.252239,0
1645259340000,0.016499,0.016499,0.016472,0.016487,1699019,1645259399999,28017.428411,47,465604,7671.845718,0
1645259400000,0.016480,0.016523,0.016480,0.016514,1119762,1645259459999,18483.025291,71,890990,14707.285981,0
1645259460000,0.016515,0.016527,0.016511,0.016519,883543,1645259519999,14594.644832,59,779980,12884.412719,0
1645259520000,0.016516,0.016516,0.016490,0.016498,734534,1645259579999,12122.506646,55,204011,3365.390042,0
1645259580000,0.016491,0.016506,0.016491,0.016499,1259307,1645259639999,20777.932171,53,1249166,20610.621745,0
1645259640000,0.016500,0.016510,0.016467,0.016467,1436342,1645259699999,23678.142794,82,293027,4827.470192,0
1645259700000,0.016471,0.016503,0.016466,0.016501,1370707,1645259759999,22601.537065,67,801808,13214.617055,0
1645259760000,0.016500,0.016506,0.016429,0.016455,1491566,1645259819999,24563.385958,119,379786,6246.274587,0
1645259820000,0.016451,0.016470,0.016447,0.016448,501166,1645259879999,8247.462097,38,316551,5208.962445,0
1645259880000,0.016449,0.016455,0.016432,0.016455,368304,1645259939999,6056.674036,51,353146,5807.392643,0
1645259940000,0.016453,0.016453,0.016434,0.016450,210812,1645259999999,3465.338726,38,35094,576.919896,0
1645260000000,0.016450,0.016470,0.016448,0.016465,425822,1645260059999,7008.078222,39,355560,5851.252173,0
1645260060000,0.016474,0.016484,0.016464,0.016468,621960,1645260119999,10247.705368,42,177844,2931.258257,0
1645260120000,0.016466,0.016495,0.016466,0.016495,245699,1645260179999,4047.291271,34,238094,3921.964104,0
1645260180000,0.016493,0.016499,0.016472,0.016472,934301,1645260239999,15406.014004,52,255757,4216.171431,0
1645260240000,0.016469,0.016482,0.016447,0.016447,780011,1645260299999,12842.304188,63,374159,6161.625993,0
1645260300000,0.016454,0.016459,0.016440,0.016440,673228,1645260359999,11074.033575,41,435432,7162.723414,0
1645260360000,0.016436,0.016454,0.016436,0.016454,934114,1645260419999,15364.775517,56,595754,9797.628445,0
1645260420000,0.016454,0.016459,0.016441,0.016444,356798,1645260479999,5871.019668,31,127658,2100.900226,0
1645260480000,0.016441,0.016441,0.016377,0.016396,4162294,1645260539999,68245.235166,266,1126364,18470.448584,0
1645260540000,0.016396,0.016396,0.016366,0.016390,1486564,1645260599999,24354.670040,67,290985,4765.477328,0
1645260600000,0.016391,0.016401,0.016370,0.016371,3049494,1645260659999,49969.361565,130,1294399,21216.109082,0
1645260660000,0.016382,0.016389,0.016359,0.016374,1690975,1645260719999,27691.396736,103,440909,7220.568500,0
1645260720000,0.016375,0.016380,0.016303,0.016322,2560359,1645260779999,41843.228212,159,321772,5256.982929,0
1645260780000,0.016326,0.016376,0.016325,0.016376,2321846,1645260839999,37934.803220,137,1508694,24655.557832,0
1645260840000,0.016378,0.016391,0.016353,0.016370,1169000,1645260899999,19140.600713,65,275431,4511.007118,0
1645260900000,0.016372,0.016378,0.016361,0.016371,757292,1645260959999,12395.226034,51,286727,4693.700793,0
1645260960000,0.016370,0.016373,0.016346,0.016358,686732,1645261019999,11232.350101,58,189165,3093.376025,0
1645261020000,0.016362,0.016376,0.016358,0.016376,572109,1645261079999,9363.896037,41,459329,7518.241456,0
1645261080000,0.016378,0.016380,0.016344,0.016359,522367,1645261139999,8544.507727,52,295496,4833.744466,0
1645261140000,0.016365,0.016381,0.016350,0.016350,538098,1645261199999,8812.312179,44,71085,1163.574967,0
1645261200000,0.016353,0.016363,0.016331,0.016338,1423541,1645261259999,23276.969567,95,176977,2894.190819,0
1645261260000,0.016339,0.016407,0.016339,0.016407,1774444,1645261319999,29051.335277,155,1526012,24989.654044,0
1645261320000,0.016402,0.016436,0.016397,0.016436,2052671,1645261379999,33689.105361,98,1417360,23268.433149,0
1645261380000,0.016436,0.016437,0.016400,0.016410,436104,1645261439999,7156.773058,65,180876,2968.972843,0
1645261440000,0.016410,0.016425,0.016401,0.016425,342473,1645261499999,5620.811709,41,331015,5432.753975,0
1645261500000,0.016423,0.016423,0.016402,0.016404,361675,1645261559999,5933.897463,49,9957,163.395267,0
1645261560000,0.016404,0.016418,0.016367,0.016367,1277178,1645261619999,20938.957899,109,402583,6602.660403,0
1645261620000,0.016363,0.016377,0.016360,0.016360,262122,1645261679999,4289.932074,41,134402,2199.898093,0
1645261680000,0.016359,0.016361,0.016304,0.016311,1531934,1645261739999,25006.311381,73,84545,1382.680188,0
1645261740000,0.016306,0.016353,0.016272,0.016333,2919926,1645261799999,47597.378649,177,1260032,20552.001221,0
1645261800000,0.016337,0.016364,0.016336,0.016347,314612,1645261859999,5143.038150,39,198981,3252.835796,0
1645261860000,0.016338,0.016348,0.016312,0.016315,645750,1645261919999,10547.923489,60,174455,2850.860557,0
1645261920000,0.016313,0.016326,0.016282,0.016282,462535,1645261979999,7543.588169,58,285614,4660.345116,0
1645261980000,0.016283,0.016311,0.016266,0.016285,1719394,1645262039999,28004.774512,94,858286,13975.492379,0
1645262040000,0.016290,0.016305,0.016281,0.016286,235447,1645262099999,3836.198003,45,217297,3540.433149,0
1645262100000,0.016287,0.016316,0.016284,0.016284,489858,1645262159999,7981.689675,54,180883,2946.696953,0
1645262160000,0.016285,0.016295,0.016280,0.016292,239499,1645262219999,3900.386303,40,229891,3743.936893,0
1645262220000,0.016292,0.016303,0.016281,0.016290,309717,1645262279999,5046.530565,43,231557,3773.455540,0
1645262280000,0.016291,0.016322,0.016291,0.016317,339121,1645262339999,5528.292637,54,290394,4733.236061,0
1645262340000,0.016313,0.016319,0.016309,0.016314,125953,1645262399999,2054.528893,22,92791,1513.617341,0
1645262400000,0.016314,0.016340,0.016301,0.016320,1554754,1645262459999,25365.521924,99,320076,5224.877578,0
1645262460000,0.016330,0.016331,0.016312,0.016325,265108,1645262519999,4326.921284,42,141832,2314.808620,0
1645262520000,0.016321,0.016334,0.016319,0.016331,1008630,1645262579999,16468.348859,46,875648,14297.985708,0
1645262580000,0.016323,0.016328,0.016312,0.016312,285327,1645262639999,4656.350792,28,44941,733.567510,0
1645262640000,0.016308,0.016308,0.016270,0.016279,561855,1645262699999,9152.109614,57,213963,3484.825057,0
1645262700000,0.016280,0.016304,0.016250,0.016270,1554101,1645262759999,25285.391595,119,829994,13501.615750,0
1645262760000,0.016266,0.016271,0.016255,0.016258,306983,1645262819999,4992.785137,52,73170,1190.261690,0
1645262820000,0.016262,0.016268,0.016251,0.016256,261164,1645262879999,4245.777917,45,38380,624.179316,0
1645262880000,0.016254,0.016265,0.016238,0.016265,383385,1645262939999,6230.066600,55,246903,4012.300807,0
1645262940000,0.016268,0.016268,0.016236,0.016239,1268477,1645262999999,20625.191086,61,22511,366.063598,0
1645263000000,0.016240,0.016283,0.016240,0.016282,782332,1645263059999,12731.507285,77,407853,6635.868649,0
1645263060000,0.016280,0.016285,0.016262,0.016277,1569361,1645263119999,25541.010685,89,1023698,16662.619929,0
1645263120000,0.016277,0.016295,0.016277,0.016290,559275,1645263179999,9108.383235,54,447814,7293.131127,0
1645263180000,0.016292,0.016307,0.016292,0.016307,504696,1645263239999,8225.863030,36,450419,7340.945386,0
1645263240000,0.016306,0.016325,0.016302,0.016307,421234,1645263299999,6870.189621,46,30154,491.813312,0
1645263300000,0.016311,0.016331,0.016308,0.016316,230613,1645263359999,3763.095846,38,103076,1682.032436,0
1645263360000,0.016317,0.016326,0.016298,0.016298,642418,1645263419999,10479.318013,57,104458,1703.955096,0
1645263420000,0.016301,0.016305,0.016282,0.016295,125595,1645263479999,2046.391709,28,11433,186.307361,0
1645263480000,0.016301,0.016303,0.016298,0.016301,53248,1645263539999,867.987479,25,13773,224.507651,0
1645263540000,0.016304,0.016315,0.016304,0.016307,618189,1645263599999,10082.847304,41,411785,6716.399983,0
1645263600000,0.016305,0.016305,0.016289,0.016294,227431,1645263659999,3705.999453,45,71920,1171.719819,0
1645263660000,0.016295,0.016296,0.016286,0.016286,684101,1645263719999,11145.498377,38,629514,10256.354873,0
1645263720000,0.016287,0.016304,0.016283,0.016289,567661,1645263779999,9247.958407,58,458254,7465.265259,0
1645263780000,0.016289,0.016290,0.016250,0.016273,1368900,1645263839999,22265.822634,86,434218,7063.588810,0
1645263840000,0.016276,0.016292,0.016268,0.016268,359319,1645263899999,5848.526249,32,190666,3103.734068,0
1645263900000,0.016262,0.016290,0.016261,0.016290,639182,1645263959999,10397.454304,39,635865,10343.455639,0
1645263960000,0.016288,0.016296,0.016283,0.016292,266666,1645264019999,4344.894085,36,153225,2496.736387,0
1645264020000,0.016288,0.016288,0.016267,0.016267,609443,1645264079999,9918.751525,37,402167,6545.317288,0
1645264080000,0.016270,0.016282,0.016253,0.016253,178555,1645264139999,2903.727442,34,39333,639.801100,0
1645264140000,0.016250,0.016277,0.016250,0.016268,365686,1645264199999,5949.608917,48,204062,3319.764557,0
1645264200000,0.016268,0.016272,0.016250,0.016257,550353,1645264259999,8949.481714,53,308331,5013.398637,0
1645264260000,0.016253,0.016256,0.016229,0.016248,1698378,1645264319999,27589.970810,75,546189,8872.745900,0
1645264320000,0.016251,0.016255,0.016236,0.016236,321281,1645264379999,5218.729110,27,126507,2054.192022,0
1645264380000,0.016236,0.016253,0.016234,0.016246,385672,1645264439999,6262.453610,32,275358,4470.905784,0
1645264440000,0.016245,0.016269,0.016239,0.016257,497552,1645264499999,8088.867153,55,242726,3944.787464,0
1645264500000,0.016258,0.016258,0.016239,0.016239,867108,1645264559999,14088.824390,53,407070,6614.555412,0
1645264560000,0.016245,0.016262,0.016239,0.016259,390455,1645264619999,6347.944050,34,325046,5284.508813,0
1645264620000,0.016257,0.016257,0.016233,0.016236,440834,1645264679999,7160.716908,55,170836,2776.199852,0
1645264680000,0.016237,0.016244,0.016159,0.016175,7020537,1645264739999,113678.970168,264,549997,8909.758311,0
1645264740000,0.016178,0.016219,0.016169,0.016213,2857267,1645264799999,46282.090487,189,2497829,40464.112525,0
1645264800000,0.016213,0.016234,0.016202,0.016209,1375482,1645264859999,22315.070117,90,438999,7118.317501,0
1645264860000,0.016215,0.016231,0.016215,0.016226,638657,1645264919999,10362.052424,89,483593,7846.435004,0
1645264920000,0.016219,0.016229,0.016207,0.016221,629523,1645264979999,10209.971923,54,397114,6441.571768,0
1645264980000,0.016221,0.016231,0.016218,0.016225,125315,1645265039999,2033.272775,30,62097,1007.639501,0
1645265040000,0.016221,0.016235,0.016221,0.016234,150202,1645265099999,2437.255802,29,85218,1382.860963,0
1645265100000,0.016232,0.016242,0.016224,0.016236,1519797,1645265159999,24680.451344,49,181378,2945.264834,0
1645265160000,0.016236,0.016258,0.016235,0.016251,345034,1645265219999,5605.525226,59,236078,3835.749272,0
1645265220000,0.016257,0.016259,0.016237,0.016245,314515,1645265279999,5110.438027,59,58407,949.002432,0
1645265280000,0.016242,0.016245,0.016233,0.016240,115539,1645265339999,1876.488795,34,86980,1412.689663,0
1645265340000,0.016241,0.016244,0.016228,0.016241,107189,1645265399999,1740.538681,37,17536,284.778838,0
1645265400000,0.016241,0.016255,0.016237,0.016250,393615,1645265459999,6396.778862,50,380053,6176.465817,0
1645265460000,0.016249,0.016255,0.016246,0.016255,261141,1645265519999,4242.895760,43,239288,3887.785766,0
1645265520000,0.016255,0.016257,0.016248,0.016251,64576,1645265579999,1049.420850,28,26618,432.611103,0
1645265580000,0.016250,0.016255,0.016237,0.016239,676794,1645265639999,10995.310979,65,305297,4960.855288,0
1645265640000,0.016235,0.016242,0.016220,0.016242,835245,1645265699999,13553.405335,50,630781,10235.828211,0
1645265700000,0.016241,0.016249,0.016227,0.016233,163645,1645265759999,2658.180104,35,6825,110.798977,0
1645265760000,0.016228,0.016228,0.016213,0.016214,543414,1645265819999,8813.721407,54,67059,1087.741581,0
1645265820000,0.016209,0.016209,0.016176,0.016187,697413,1645265879999,11294.633765,72,384424,6225.052064,0
1645265880000,0.016186,0.016190,0.016182,0.016187,178318,1645265939999,2886.132647,36,51461,833.001998,0
1645265940000,0.016185,0.016206,0.016184,0.016190,1385985,1645265999999,22445.526845,90,1215870,19690.186465,0
1645266000000,0.016194,0.016199,0.016166,0.016168,858265,1645266059999,13891.582709,100,176808,2859.942667,0
1645266060000,0.016166,0.016166,0.016113,0.016116,5639619,1645266119999,91018.626473,219,282685,4561.015008,0
1645266120000,0.016110,0.016131,0.016074,0.016097,2616003,1645266179999,42130.937229,211,1751039,28204.443296,0
1645266180000,0.016096,0.016118,0.016082,0.016107,2993467,1645266239999,48220.136180,111,2583120,41615.457858,0
1645266240000,0.016101,0.016123,0.016075,0.016114,1208736,1645266299999,19461.443749,95,981007,15798.234815,0
1645266300000,0.016117,0.016132,0.016109,0.016120,452586,1645266359999,7295.498159,60,155651,2510.103338,0
1645266360000,0.016120,0.016133,0.016109,0.016114,187538,1645266419999,3023.399661,41,154746,2494.723711,0
1645266420000,0.016111,0.016111,0.016089,0.016089,395073,1645266479999,6358.914994,39,57694,929.187514,0
1645266480000,0.016084,0.016084,0.016044,0.016067,1335902,1645266539999,21450.639526,124,647603,10398.636241,0
1645266540000,0.016067,0.016088,0.016061,0.016078,782754,1645266599999,12582.260394,75,199244,3203.354278,0
1645266600000,0.016082,0.016089,0.016041,0.016041,939242,1645266659999,15091.175305,88,207938,3342.436397,0
1645266660000,0.016041,0.016062,0.016012,0.016033,3321744,1645266719999,53252.535923,234,926222,14851.483874,0
1645266720000,0.016030,0.016042,0.016017,0.016042,751542,1645266779999,12044.283199,83,364722,5846.901521,0
1645266780000,0.016040,0.016085,0.016034,0.016078,1228731,1645266839999,19731.527653,116,940772,15110.967966,0
1645266840000,0.016087,0.016099,0.016067,0.016075,295136,1645266899999,4747.666882,64,113149,1820.459426,0
1645266900000,0.016074,0.016093,0.016044,0.016055,854968,1645266959999,13742.736300,80,279100,4486.458080,0
1645266960000,0.016050,0.016061,0.016050,0.016055,521682,1645267019999,8375.837579,79,379116,6087.180040,0
1645267020000,0.016056,0.016091,0.016056,0.016090,864393,1645267079999,13899.470723,98,785873,12636.666588,0
1645267080000,0.016086,0.016086,0.016059,0.016063,159468,1645267139999,2563.580792,36,128067,2058.725464,0
1645267140000,0.016063,0.016069,0.016060,0.016069,395654,1645267199999,6355.633763,48,194829,3129.943708,0
1645267200000,0.016069,0.016072,0.016061,0.016067,55622,1645267259999,893.548934,27,19358,310.991035,0
1645267260000,0.016069,0.016100,0.016069,0.016094,873076,1645267319999,14048.426183,71,488502,7859.569178,0
1645267320000,0.016094,0.016094,0.016039,0.016072,655596,1645267379999,10527.989297,64,133123,2136.721061,0
1645267380000,0.016069,0.016075,0.016058,0.016072,674609,1645267439999,10840.548976,65,169061,2716.952953,0
1645267440000,0.016070,0.016072,0.016053,0.016059,1298893,1645267499999,20867.711805,64,802986,12902.204628,0
1645267500000,0.016058,0.016083,0.016055,0.016055,941885,1645267559999,15137.486859,95,414654,6663.488929,0
1645267560000,0.016061,0.016070,0.016055,0.016070,324159,1645267619999,5206.909752,52,310577,4988.814884,0
1645267620000,0.016072,0.016094,0.016072,0.016094,80263,1645267679999,1291.467269,19,76352,1228.559734,0
1645267680000,0.016093,0.016093,0.016069,0.016089,508249,1645267739999,8174.515447,68,38358,616.766472,0
1645267740000,0.016089,0.016096,0.016081,0.016084,536138,1645267799999,8627.748402,61,44260,712.052809,0
1645267800000,0.016083,0.016086,0.016080,0.016080,39654,1645267859999,637.692145,32,7379,118.672781,0
1645267860000,0.016079,0.016079,0.016060,0.016070,765145,1645267919999,12295.598604,87,418459,6724.449874,0
1645267920000,0.016073,0.016094,0.016071,0.016088,238875,1645267979999,3840.699529,42,140867,2265.123429,0
1645267980000,0.016088,0.016103,0.016085,0.016100,191493,1645268039999,3081.655646,46,155128,2496.566353,0
1645268040000,0.016102,0.016102,0.016078,0.016083,340242,1645268099999,5472.823657,92,8112,130.471692,0
1645268100000,0.016071,0.016144,0.016071,0.016124,1144421,1645268159999,18443.153088,138,851624,13722.738167,0
1645268160000,0.016124,0.016145,0.016118,0.016122,161418,1645268219999,2603.467272,60,9688,156.265268,0
1645268220000,0.016118,0.016142,0.016118,0.016137,174376,1645268279999,2813.613815,65,66811,1077.645177,0
1645268280000,0.016135,0.016135,0.016121,0.016127,500690,1645268339999,8075.152344,68,186206,3003.376274,0
1645268340000,0.016129,0.016141,0.016129,0.016136,385975,1645268399999,6226.673201,46,274575,4428.775840,0
1645268400000,0.016136,0.016160,0.016136,0.016160,1517606,1645268459999,24507.404249,88,714635,11536.515066,0
1645268460000,0.016158,0.016175,0.016158,0.016175,1443261,1645268519999,23332.584109,82,1251925,20239.663293,0
1645268520000,0.016174,0.016190,0.016160,0.016171,1671728,1645268579999,27033.294312,125,995105,16092.847780,0
1645268580000,0.016169,0.016174,0.016120,0.016121,835803,1645268639999,13501.921817,130,553836,8951.071815,0
1645268640000,0.016124,0.016149,0.016119,0.016149,565342,1645268699999,9123.296687,97,492978,7956.405740,0
1645268700000,0.016155,0.016172,0.016155,0.016169,406399,1645268759999,6570.060300,71,262439,4242.789636,0
1645268760000,0.016165,0.016165,0.016148,0.016152,968941,1645268819999,15652.634176,59,787434,12720.557751,0
1645268820000,0.016147,0.016147,0.016130,0.016135,308605,1645268879999,4980.311536,38,20679,333.764129,0
1645268880000,0.016134,0.016148,0.016129,0.016131,1787261,1645268939999,28838.005412,93,802480,12948.309741,0
1645268940000,0.016133,0.016138,0.016128,0.016131,595407,1645268999999,9605.469824,66,100800,1626.607788,0
1645269000000,0.016131,0.016151,0.016131,0.016143,1738827,1645269059999,28065.770523,76,1178546,19020.524330,0
1645269060000,0.016142,0.016149,0.016140,0.016143,384870,1645269119999,6214.213941,75,28794,464.878264,0
1645269120000,0.016142,0.016142,0.016123,0.016123,305437,1645269179999,4927.410184,63,25460,410.566875,0
1645269180000,0.016123,0.016133,0.016118,0.016131,1522898,1645269239999,24555.796115,80,1143446,18437.347645,0
1645269240000,0.016129,0.016130,0.016126,0.016129,309979,1645269299999,4999.051502,47,198394,3199.497967,0
1645269300000,0.016128,0.016133,0.016114,0.016132,1403048,1645269359999,22625.290550,118,609535,9828.251749,0
1645269360000,0.016131,0.016145,0.016124,0.016127,815862,1645269419999,13163.563439,111,219809,3546.577464,0
1645269420000,0.016127,0.016137,0.016116,0.016135,465461,1645269479999,7507.077134,46,388925,6272.885764,0
1645269480000,0.016138,0.016140,0.016121,0.016121,396430,1645269539999,6396.349858,65,258593,4172.754033,0
1645269540000,0.016121,0.016125,0.016118,0.016118,186233,1645269599999,3002.441184,38,35357,570.081985,0
1645269600000,0.016119,0.016124,0.016118,0.016119,137426,1645269659999,2215.445370,73,15106,243.521438,0
1645269660000,0.016118,0.016123,0.016118,0.016123,92230,1645269719999,1486.886996,23,32987,531.712107,0
1645269720000,0.016120,0.016130,0.016104,0.016104,512616,1645269779999,8262.468293,68,292226,4710.246952,0
1645269780000,0.016104,0.016104,0.016084,0.016095,386608,1645269839999,6220.529679,65,17498,281.628441,0
1645269840000,0.016095,0.016124,0.016095,0.016104,1133917,1645269899999,18263.363607,100,898368,14468.326464,0
1645269900000,0.016104,0.016104,0.016093,0.016104,522751,1645269959999,8417.449722,39,69434,1117.797219,0
1645269960000,0.016106,0.016110,0.016045,0.016079,1638728,1645270019999,26347.001324,180,503687,8094.295483,0
1645270020000,0.016082,0.016085,0.016050,0.016061,614505,1645270079999,9871.932146,89,291486,4682.542400,0
1645270080000,0.016062,0.016074,0.016057,0.016071,132199,1645270139999,2123.618125,36,89181,1432.573731,0
1645270140000,0.016069,0.016076,0.016047,0.016062,1108440,1645270199999,17803.961703,82,703839,11308.356071,0
1645270200000,0.016057,0.016057,0.016013,0.016039,1485216,1645270259999,23797.675073,112,757341,12134.836257,0
1645270260000,0.016036,0.016038,0.016002,0.016025,1606797,1645270319999,25728.536428,114,572739,9169.956259,0
1645270320000,0.016025,0.016029,0.015870,0.015894,10553349,1645270379999,168215.929350,521,606213,9664.469578,0
1645270380000,0.015894,0.015944,0.015804,0.015834,7792549,1645270439999,123789.846203,593,2967473,47227.459805,0
1645270440000,0.015836,0.015860,0.015723,0.015805,9263409,1645270499999,146252.924590,795,4600170,72663.953619,0
1645270500000,0.015806,0.015811,0.015718,0.015791,5634422,1645270559999,88813.344307,384,2147659,33869.638924,0
1645270560000,0.015799,0.015823,0.015766,0.015766,3772302,1645270619999,59601.794315,216,2478638,39169.077572,0
1645270620000,0.015772,0.015782,0.015751,0.015752,1507855,1645270679999,23770.446699,169,669564,10557.364627,0
1645270680000,0.015753,0.015787,0.015750,0.015785,1319174,1645270739999,20801.199913,118,819463,12925.474696,0
1645270740000,0.015789,0.015793,0.015755,0.015766,2109518,1645270799999,33258.058183,110,840305,13254.180781,0
1645270800000,0.015765,0.015770,0.015728,0.015731,1775197,1645270859999,27947.186951,186,457690,7206.003029,0
1645270860000,0.015730,0.015730,0.015653,0.015693,7860699,1645270919999,123345.478750,512,2561352,40184.533892,0
1645270920000,0.015700,0.015761,0.015700,0.015728,2905223,1645270979999,45705.156026,224,2198750,34591.979764,0
1645270980000,0.015729,0.015751,0.015713,0.015741,4149001,1645271039999,65285.407339,248,3089901,48624.261914,0
1645271040000,0.015744,0.015752,0.015713,0.015750,1034889,1645271099999,16286.773315,106,378162,5955.195219,0
1645271100000,0.015759,0.015765,0.015724,0.015753,1143469,1645271159999,18007.240647,101,875744,13792.185565,0
1645271160000,0.015756,0.015770,0.015739,0.015750,1116846,1645271219999,17597.945205,108,482899,7611.222330,0
1645271220000,0.015751,0.015811,0.015748,0.015811,917890,1645271279999,14468.695469,65,716404,11293.804763,0
1645271280000,0.015806,0.015833,0.015770,0.015770,1859505,1645271339999,29378.850788,154,1033347,16327.705835,0
1645271340000,0.015773,0.015796,0.015772,0.015772,416818,1645271399999,6577.936253,50,288417,4550.535974,0
1645271400000,0.015776,0.015789,0.015772,0.015780,683306,1645271459999,10779.232273,49,51489,812.577961,0
1645271460000,0.015780,0.015795,0.015776,0.015789,688516,1645271519999,10865.740689,75,553533,8735.485927,0
1645271520000,0.015789,0.015789,0.015753,0.015781,1518916,1645271579999,23952.972568,126,742340,11704.976259,0
1645271580000,0.015780,0.015798,0.015770,0.015793,809325,1645271639999,12772.981742,65,655653,10348.006450,0
1645271640000,0.015793,0.015812,0.015790,0.015801,343974,1645271699999,5434.083374,58,79615,1258.101546,0
1645271700000,0.015801,0.015804,0.015782,0.015788,1064910,1645271759999,16818.707488,66,162077,2560.465628,0
1645271760000,0.015783,0.015789,0.015770,0.015775,502337,1645271819999,7925.301040,59,200492,3163.446368,0
1645271820000,0.015780,0.015812,0.015777,0.015796,1296714,1645271879999,20479.079872,96,724891,11443.085990,0
1645271880000,0.015796,0.015797,0.015782,0.015788,620516,1645271939999,9797.290173,74,80282,1267.566505,0
1645271940000,0.015788,0.015793,0.015748,0.015772,1876246,1645271999999,29586.084168,122,585985,9240.073136,0
1645272000000,0.015773,0.015783,0.015758,0.015780,2003020,1645272059999,31579.990250,141,1388162,21885.637060,0
1645272060000,0.015779,0.015780,0.015757,0.015774,1192278,1645272119999,18803.388331,105,773799,12204.689450,0
1645272120000,0.015772,0.015772,0.015753,0.015762,1033663,1645272179999,16293.497739,108,678450,10693.884396,0
1645272180000,0.015763,0.015763,0.015716,0.015739,1730131,1645272239999,27225.843905,131,476879,7505.403794,0
1645272240000,0.015738,0.015740,0.015703,0.015708,278937,1645272299999,4384.896955,73,77672,1220.468120,0
1645272300000,0.015717,0.015717,0.015680,0.015692,4280627,1645272359999,67179.808855,184,2917632,45781.683017,0
1645272360000,0.015690,0.015695,0.015675,0.015677,802049,1645272419999,12583.659477,68,89216,1399.580777,0
1645272420000,0.015676,0.015677,0.015635,0.015635,2438116,1645272479999,38163.706676,278,723716,11334.124423,0
1645272480000,0.015636,0.015691,0.015629,0.015691,2142483,1645272539999,33535.115525,191,1152390,18050.070385,0
1645272540000,0.015698,0.015761,0.015687,0.015758,1992849,1645272599999,31348.757040,128,1436656,22603.840039,0
1645272600000,0.015753,0.015758,0.015721,0.015758,1187378,1645272659999,18687.918991,96,202077,3179.135394,0
1645272660000,0.015773,0.015810,0.015769,0.015806,1386916,1645272719999,21905.491957,117,1042121,16462.802299,0
1645272720000,0.015804,0.015808,0.015773,0.015781,1447634,1645272779999,22863.478754,129,317288,5012.385905,0
1645272780000,0.015779,0.015812,0.015779,0.015801,594232,1645272839999,9385.051744,84,259034,4090.019482,0
1645272840000,0.015801,0.015810,0.015783,0.015795,541186,1645272899999,8550.072709,64,72591,1146.895296,0
1645272900000,0.015802,0.015805,0.015790,0.015794,1283189,1645272959999,20270.269113,113,609605,9630.881349,0
1645272960000,0.015794,0.015815,0.015790,0.015804,1844961,1645273019999,29147.924878,110,1463782,23127.858293,0
1645273020000,0.015812,0.015831,0.015806,0.015831,948006,1645273079999,14994.496254,119,366717,5801.466196,0
1645273080000,0.015831,0.015831,0.015810,0.015812,609692,1645273139999,9644.492693,78,101567,1606.560918,0
1645273140000,0.015810,0.015821,0.015792,0.015810,1098175,1645273199999,17358.745587,137,229457,3627.344378,0
1645273200000,0.015814,0.015819,0.015806,0.015813,239195,1645273259999,3782.274845,59,104741,1656.417623,0
1645273260000,0.015819,0.015829,0.015818,0.015819,538380,1645273319999,8518.268158,74,133388,2110.870244,0
1645273320000,0.015823,0.015824,0.015792,0.015794,659959,1645273379999,10428.987433,87,44517,703.315099,0
1645273380000,0.015795,0.015796,0.015779,0.015791,952940,1645273439999,15045.502133,81,407259,6430.364396,0
1645273440000,0.015793,0.015798,0.015756,0.015760,786001,1645273499999,12405.975558,120,296940,4687.887879,0
1645273500000,0.015761,0.015786,0.015761,0.015779,558873,1645273559999,8816.907556,113,394657,6226.869436,0
1645273560000,0.015779,0.015787,0.015764,0.015772,1281866,1645273619999,20226.126968,129,459192,7245.388425,0
1645273620000,0.015775,0.015797,0.015774,0.015781,1442133,1645273679999,22770.723095,147,1149185,18146.590102,0
1645273680000,0.015780,0.015781,0.015758,0.015767,809301,1645273739999,12762.393605,89,248803,3923.013955,0
1645273740000,0.015767,0.015786,0.015766,0.015776,1486602,1645273799999,23455.621911,144,1183790,18680.675527,0
1645273800000,0.015774,0.015782,0.015761,0.015780,580957,1645273859999,9160.218761,82,223521,3523.502443,0
1645273860000,0.015780,0.015780,0.015769,0.015777,529651,1645273919999,8354.897502,99,163637,2581.285243,0
1645273920000,0.015779,0.015807,0.015775,0.015793,499067,1645273979999,7879.206114,60,390059,6158.284593,0
1645273980000,0.015801,0.015805,0.015783,0.015805,529278,1645274039999,8358.813796,62,218067,3443.942749,0
1645274040000,0.015809,0.015812,0.015776,0.015785,424360,1645274099999,6701.930823,59,119150,1881.450333,0
1645274100000,0.015782,0.015798,0.015782,0.015794,205105,1645274159999,3238.686553,49,133901,2114.225823,0
1645274160000,0.015792,0.015792,0.015752,0.015762,1139919,1645274219999,17968.854265,126,363623,5734.405547,0
1645274220000,0.015761,0.015769,0.015751,0.015751,1163976,1645274279999,18343.115512,57,1055547,16634.427440,0
1645274280000,0.015755,0.015756,0.015716,0.015732,502500,1645274339999,7909.321545,90,185662,2921.215857,0
1645274340000,0.015725,0.015746,0.015722,0.015746,460945,1645274399999,7251.171108,37,371689,5847.109608,0
1645274400000,0.015745,0.015747,0.015722,0.015746,605542,1645274459999,9528.799523,88,287278,4521.447101,0
1645274460000,0.015746,0.015751,0.015733,0.015747,452242,1645274519999,7120.870611,69,331864,5225.513844,0
1645274520000,0.015749,0.015755,0.015747,0.015747,355983,1645274579999,5606.954608,49,148540,2339.723040,0
1645274580000,0.015750,0.015750,0.015721,0.015750,556193,1645274639999,8750.466167,59,211901,3332.740163,0
1645274640000,0.015750,0.015751,0.015740,0.015749,124799,1645274699999,1965.214496,38,45468,716.056255,0
1645274700000,0.015748,0.015748,0.015720,0.015722,172191,1645274759999,2708.273100,61,26295,413.514897,0
1645274760000,0.015727,0.015737,0.015720,0.015737,318438,1645274819999,5008.664218,50,213512,3358.620106,0
1645274820000,0.015738,0.015777,0.015738,0.015770,461732,1645274879999,7277.685987,66,315029,4963.771774,0
1645274880000,0.015766,0.015777,0.015761,0.015763,148293,1645274939999,2338.127206,41,69000,1087.886930,0
1645274940000,0.015762,0.015819,0.015755,0.015810,1354050,1645274999999,21374.357496,84,1178047,18594.662756,0
1645275000000,0.015807,0.015817,0.015777,0.015787,1219418,1645275059999,19258.399679,125,203255,3211.626239,0
1645275060000,0.015786,0.015800,0.015779,0.015800,866002,1645275119999,13674.627293,69,681098,10755.577280,0
1645275120000,0.015805,0.015811,0.015805,0.015809,174630,1645275179999,2760.812716,31,54170,856.333696,0
1645275180000,0.015806,0.015808,0.015793,0.015806,391638,1645275239999,6189.029681,51,150171,2373.719177,0
1645275240000,0.015803,0.015812,0.015776,0.015776,329612,1645275299999,5206.925451,63,36684,579.655492,0
1645275300000,0.015776,0.015795,0.015768,0.015784,555615,1645275359999,8770.842711,69,468696,7399.141542,0
1645275360000,0.015780,0.015780,0.015757,0.015770,465129,1645275419999,7333.780480,67,178485,2814.480446,0
1645275420000,0.015771,0.015778,0.015731,0.015734,631900,1645275479999,9958.995018,79,108367,1707.747676,0
1645275480000,0.015738,0.015770,0.015730,0.015754,604389,1645275539999,9519.561689,71,324904,5119.240879,0
1645275540000,0.015749,0.015767,0.015734,0.015762,670381,1645275599999,10558.297955,52,492762,7761.209605,0
1645275600000,0.015762,0.015772,0.015752,0.015756,627355,1645275659999,9886.258320,82,226900,3575.377504,0
1645275660000,0.015752,0.015752,0.015719,0.015733,1041573,1645275719999,16391.176969,94,136321,2144.400448,0
1645275720000,0.015735,0.015764,0.015735,0.015755,894405,1645275779999,14089.229350,94,643703,10140.030224,0
1645275780000,0.015758,0.015761,0.015707,0.015709,1042174,1645275839999,16401.409367,99,77445,1218.923428,0
1645275840000,0.015709,0.015725,0.015695,0.015724,1389652,1645275899999,21832.186498,125,511524,8036.608240,0
1645275900000,0.015732,0.015759,0.015721,0.015721,1586903,1645275959999,24980.547491,180,852220,13419.733178,0
1645275960000,0.015727,0.015756,0.015687,0.015756,1970667,1645276019999,30975.110280,209,1143197,17969.374854,0
1645276020000,0.015751,0.015751,0.015720,0.015742,1318648,1645276079999,20749.468751,113,564473,8881.026387,0
1645276080000,0.015737,0.015740,0.015731,0.015732,235216,1645276139999,3701.423299,40,62735,987.403592,0
1645276140000,0.015738,0.015784,0.015731,0.015772,1094124,1645276199999,17238.260692,120,642023,10114.774941,0
1645276200000,0.015781,0.015800,0.015773,0.015779,753119,1645276259999,11889.250278,101,404975,6393.880645,0
1645276260000,0.015784,0.015808,0.015777,0.015807,624496,1645276319999,9862.582191,89,343297,5422.471677,0
1645276320000,0.015809,0.015883,0.015809,0.015883,1260331,1645276379999,19978.060070,133,1028246,16298.743697,0
1645276380000,0.015885,0.015898,0.015868,0.015887,1689323,1645276439999,26832.804593,145,959370,15240.417572,0
1645276440000,0.015887,0.015898,0.015868,0.015894,845141,1645276499999,13418.976806,76,521775,8285.831514,0
1645276500000,0.015894,0.015971,0.015883,0.015949,3775838,1645276559999,60160.695499,263,2985841,47585.178465,0
1645276560000,0.015952,0.015987,0.015924,0.015966,2317307,1645276619999,36983.947244,216,1310577,20919.284516,0
1645276620000,0.015976,0.015983,0.015941,0.015983,1459113,1645276679999,23300.564841,127,241830,3861.906976,0
1645276680000,0.015984,0.015997,0.015973,0.015993,271241,1645276739999,4335.479828,70,116461,1861.602463,0
1645276740000,0.015993,0.015993,0.015951,0.015954,966680,1645276799999,15430.349858,113,280511,4478.207126,0
1645276800000,0.015956,0.015988,0.015956,0.015969,719942,1645276859999,11502.998779,96,303433,4848.159968,0
1645276860000,0.015971,0.016012,0.015971,0.016010,488420,1645276919999,7809.362439,99,299251,4784.807677,0
1645276920000,0.016010,0.016014,0.015997,0.016002,415623,1645276979999,6652.207281,75,120260,1925.088748,0
1645276980000,0.015998,0.015999,0.015943,0.015960,1248917,1645277039999,19935.211941,109,635764,10145.627265,0
1645277040000,0.015962,0.015993,0.015962,0.015977,679578,1645277099999,10857.477284,110,452455,7228.249380,0
1645277100000,0.015972,0.015997,0.015972,0.015993,388155,1645277159999,6205.669313,70,309394,4946.488254,0
1645277160000,0.015989,0.015989,0.015955,0.015989,1941411,1645277219999,31014.528676,107,756726,12088.795236,0
1645277220000,0.015994,0.016025,0.015994,0.016025,497106,1645277279999,7957.747916,57,280001,4482.045562,0
1645277280000,0.016025,0.016030,0.016003,0.016003,927092,1645277339999,14850.838922,87,465594,7458.279297,0
1645277340000,0.016001,0.016028,0.015983,0.016013,435564,1645277399999,6966.713336,51,135244,2163.424200,0
1645277400000,0.016013,0.016015,0.015977,0.015987,2412744,1645277459999,38569.742086,144,546820,8741.547450,0
1645277460000,0.015993,0.016015,0.015989,0.015996,593360,1645277519999,9496.458666,70,52507,840.158697,0
1645277520000,0.015997,0.016016,0.015988,0.016008,552276,1645277579999,8837.732847,86,327629,5244.129417,0
1645277580000,0.016009,0.016031,0.016007,0.016031,377518,1645277639999,6048.224574,43,302026,4839.464419,0
1645277640000,0.016036,0.016064,0.016024,0.016061,411521,1645277699999,6601.007829,73,139070,2231.823115,0
1645277700000,0.016057,0.016075,0.016034,0.016057,1183595,1645277759999,19002.407499,128,868314,13943.492088,0
1645277760000,0.016049,0.016058,0.016044,0.016058,756969,1645277819999,12151.514179,55,417939,6709.356362,0
1645277820000,0.016059,0.016059,0.016033,0.016041,1082423,1645277879999,17362.214644,75,588795,9442.771986,0
1645277880000,0.016042,0.016084,0.016042,0.016080,486357,1645277939999,7811.022172,75,274930,4415.257861,0
1645277940000,0.016077,0.016077,0.016039,0.016046,728893,1645277999999,11707.401380,67,289648,4652.490169,0
1645278000000,0.016057,0.016076,0.016057,0.016057,879941,1645278059999,14137.186356,83,697003,11197.848859,0
1645278060000,0.016053,0.016054,0.016037,0.016051,1086019,1645278119999,17421.064510,48,572544,9185.099152,0
1645278120000,0.016051,0.016067,0.016037,0.016037,1698923,1645278179999,27261.544047,100,194945,3129.697640,0
1645278180000,0.016030,0.016045,0.016018,0.016045,1479346,1645278239999,23716.493774,88,1080867,17330.719225,0
1645278240000,0.016045,0.016070,0.016045,0.016060,580548,1645278299999,9322.848373,63,240916,3868.566917,0
1645278300000,0.016063,0.016076,0.016058,0.016069,287034,1645278359999,4611.189608,44,94841,1523.750748,0
1645278360000,0.016080,0.016094,0.016065,0.016090,1093461,1645278419999,17579.074545,87,840332,13511.550112,0
1645278420000,0.016088,0.016157,0.016086,0.016135,1707399,1645278479999,27529.986886,190,790549,12741.776332,0
1645278480000,0.016135,0.016135,0.016101,0.016107,630506,1645278539999,10161.386293,77,149490,2409.154962,0
1645278540000,0.016105,0.016112,0.016097,0.016112,626200,1645278599999,10083.490570,47,469734,7563.675900,0
1645278600000,0.016108,0.016114,0.016095,0.016096,213444,1645278659999,3436.981428,51,97224,1565.212349,0
1645278660000,0.016097,0.016134,0.016096,0.016134,252436,1645278719999,4064.710150,33,209202,3368.317918,0
1645278720000,0.016133,0.016165,0.016125,0.016161,398506,1645278779999,6432.222806,78,138894,2242.046574,0
1645278780000,0.016163,0.016166,0.016131,0.016144,504777,1645278839999,8149.801172,75,279279,4508.223555,0
1645278840000,0.016143,0.016158,0.016129,0.016155,235164,1645278899999,3797.372457,54,115069,1858.297515,0
1645278900000,0.016156,0.016167,0.016154,0.016162,181656,1645278959999,2936.129471,52,14839,239.801127,0
1645278960000,0.016167,0.016196,0.016167,0.016174,927984,1645279019999,15017.686507,116,562781,9107.974314,0
1645279020000,0.016170,0.016182,0.016158,0.016175,648509,1645279079999,10486.067752,71,270125,4369.193171,0
1645279080000,0.016177,0.016189,0.016166,0.016187,370579,1645279139999,5995.493209,66,192811,3120.023770,0
1645279140000,0.016187,0.016193,0.016159,0.016159,1743665,1645279199999,28202.783633,120,1251733,20245.229012,0
1645279200000,0.016161,0.016162,0.016141,0.016148,767834,1645279259999,12401.343725,93,198305,3203.057739,0
1645279260000,0.016152,0.016197,0.016152,0.016190,1473229,1645279319999,23835.424358,129,1084506,17545.774712,0
1645279320000,0.016199,0.016202,0.016188,0.016188,670165,1645279379999,10853.329287,82,78805,1276.590158,0
1645279380000,0.016190,0.016190,0.016162,0.016169,465928,1645279439999,7536.109063,64,183661,2970.174583,0
1645279440000,0.016168,0.016168,0.016128,0.016157,1257066,1645279499999,20290.881184,102,201189,3248.758680,0
1645279500000,0.016155,0.016157,0.016143,0.016149,141564,1645279559999,2286.139003,41,92657,1496.223455,0
1645279560000,0.016143,0.016160,0.016136,0.016136,235450,1645279619999,3803.174318,75,51446,830.713198,0
1645279620000,0.016138,0.016145,0.016131,0.016131,197790,1645279679999,3192.453396,42,98067,1582.989278,0
1645279680000,0.016131,0.016162,0.016131,0.016134,453639,1645279739999,7324.359343,75,123492,1993.705291,0
1645279740000,0.016148,0.016151,0.016114,0.016126,299464,1645279799999,4832.515066,58,96144,1550.330916,0
1645279800000,0.016127,0.016130,0.016096,0.016104,564828,1645279859999,9098.114820,76,402549,6484.441222,0
1645279860000,0.016105,0.016132,0.016105,0.016128,282496,1645279919999,4554.076583,50,129795,2092.586573,0
1645279920000,0.016134,0.016135,0.016107,0.016110,335681,1645279979999,5410.401216,44,92671,1493.650631,0
1645279980000,0.016115,0.016128,0.016112,0.016113,189742,1645280039999,3058.740296,36,78676,1268.160719,0
1645280040000,0.016117,0.016137,0.016114,0.016118,104407,1645280099999,1683.466919,37,52623,848.261760,0
1645280100000,0.016117,0.016128,0.016110,0.016117,288852,1645280159999,4657.038753,41,116304,1874.594220,0
1645280160000,0.016117,0.016141,0.016117,0.016126,299661,1645280219999,4834.401030,47,161933,2611.991506,0
1645280220000,0.016118,0.016119,0.016071,0.016083,717786,1645280279999,11547.675895,75,202688,3260.037424,0
1645280280000,0.016084,0.016109,0.016080,0.016099,276882,1645280339999,4456.133404,67,172039,2769.217937,0
1645280340000,0.016100,0.016113,0.016100,0.016103,109238,1645280399999,1759.535987,35,39358,633.883031,0
1645280400000,0.016091,0.016100,0.016083,0.016089,227661,1645280459999,3663.983753,38,84604,1361.294520,0
1645280460000,0.016087,0.016091,0.016078,0.016084,338668,1645280519999,5447.732539,52,126316,2031.790098,0
1645280520000,0.016079,0.016088,0.016077,0.016083,151798,1645280579999,2440.954447,45,99738,1603.846510,0
1645280580000,0.016084,0.016088,0.016081,0.016084,172252,1645280639999,2770.333450,35,27770,446.677743,0
1645280640000,0.016085,0.016107,0.016085,0.016091,302095,1645280699999,4862.541570,57,271692,4373.093813,0
1645280700000,0.016091,0.016122,0.016091,0.016112,418952,1645280759999,6750.234461,51,366981,5912.685115,0
1645280760000,0.016109,0.016109,0.016100,0.016100,19805,1645280819999,318.982263,21,3934,63.345316,0
1645280820000,0.016099,0.016112,0.016097,0.016103,55454,1645280879999,893.129621,32,44320,713.756407,0
1645280880000,0.016103,0.016103,0.016081,0.016087,389579,1645280939999,6269.228998,59,96024,1545.390599,0
1645280940000,0.016085,0.016085,0.016074,0.016078,89639,1645280999999,1441.294746,39,23902,384.350514,0
1645281000000,0.016081,0.016111,0.016079,0.016088,333469,1645281059999,5369.882383,45,184455,2970.366183,0
1645281060000,0.016087,0.016103,0.016054,0.016064,770908,1645281119999,12394.650375,88,379326,6097.264569,0
1645281120000,0.016063,0.016075,0.016037,0.016067,573653,1645281179999,9210.358729,76,267625,4298.625290,0
1645281180000,0.016067,0.016068,0.016038,0.016039,188561,1645281239999,3026.534048,46,82679,1326.936744,0
1645281240000,0.016045,0.016056,0.016035,0.016056,89396,1645281299999,1434.093389,36,83509,1339.671796,0
1645281300000,0.016055,0.016057,0.016038,0.016039,151885,1645281359999,2437.168316,45,40737,653.464666,0
1645281360000,0.016036,0.016071,0.016028,0.016070,549960,1645281419999,8820.978345,66,215931,3464.593432,0
1645281420000,0.016071,0.016079,0.016058,0.016068,585432,1645281479999,9408.338037,43,286246,4600.891597,0
1645281480000,0.016073,0.016073,0.016056,0.016057,103339,1645281539999,1660.526023,36,67924,1091.599489,0
1645281540000,0.016056,0.016062,0.016050,0.016061,188583,1645281599999,3028.061613,35,116752,1874.776235,0
1645281600000,0.016066,0.016082,0.016065,0.016071,726508,1645281659999,11679.382010,57,277811,4464.923745,0
1645281660000,0.016072,0.016090,0.016072,0.016090,318388,1645281719999,5119.758923,43,305263,4908.746383,0
1645281720000,0.016090,0.016094,0.016082,0.016086,358541,1645281779999,5768.307728,51,193012,3105.197048,0
1645281780000,0.016086,0.016098,0.016084,0.016088,521196,1645281839999,8384.979998,45,396321,6375.173326,0
1645281840000,0.016088,0.016104,0.016085,0.016104,167931,1645281899999,2702.092839,40,116081,1867.870317,0
1645281900000,0.016102,0.016142,0.016096,0.016134,1666570,1645281959999,26862.586679,118,712267,11482.912221,0
1645281960000,0.016138,0.016141,0.016123,0.016141,357774,1645282019999,5771.099372,47,269942,4354.294734,0
1645282020000,0.016141,0.016145,0.016135,0.016145,282721,1645282079999,4563.232370,49,123942,2000.548771,0
1645282080000,0.016142,0.016142,0.016120,0.016122,332915,1645282139999,5370.316552,47,98513,1588.505853,0
1645282140000,0.016120,0.016147,0.016120,0.016140,210558,1645282199999,3396.852182,38,184474,2975.747214,0
1645282200000,0.016140,0.016144,0.016114,0.016114,639438,1645282259999,10315.400749,98,90864,1466.245063,0
1645282260000,0.016107,0.016122,0.016107,0.016111,440478,1645282319999,7098.151657,54,289239,4661.522501,0
1645282320000,0.016109,0.016135,0.016103,0.016135,1484174,1645282379999,23925.612800,91,1191279,19207.942298,0
1645282380000,0.016135,0.016151,0.016128,0.016137,1729342,1645282439999,27909.569682,110,491196,7930.023346,0
1645282440000,0.016135,0.016152,0.016134,0.016147,1067080,1645282499999,17226.750737,98,618235,9981.953930,0
1645282500000,0.016145,0.016156,0.016136,0.016144,896931,1645282559999,14481.400478,97,540025,8718.461063,0
1645282560000,0.016145,0.016155,0.016142,0.016144,485224,1645282619999,7835.855828,95,197894,3196.258967,0
1645282620000,0.016149,0.016155,0.016140,0.016144,724452,1645282679999,11699.848235,102,569969,9205.620778,0
1645282680000,0.016141,0.016148,0.016104,0.016113,1016254,1645282739999,16390.150715,89,399861,6447.029196,0
1645282740000,0.016113,0.016115,0.016091,0.016095,427227,1645282799999,6880.083499,50,94143,1516.811589,0
1645282800000,0.016097,0.016130,0.016095,0.016122,948954,1645282859999,15295.603384,72,538702,8681.740007,0
1645282860000,0.016121,0.016121,0.016084,0.016084,513507,1645282919999,8269.912873,66,234641,3777.447713,0
1645282920000,0.016084,0.016097,0.016074,0.016096,516849,1645282979999,8313.408252,60,273351,4396.958436,0
1645282980000,0.016096,0.016101,0.016078,0.016078,357690,1645283039999,5756.595614,63,184939,2976.617861,0
1645283040000,0.016079,0.016112,0.016078,0.016089,791857,1645283099999,12746.568348,75,159644,2568.241607,0
1645283100000,0.016089,0.016091,0.016063,0.016063,190158,1645283159999,3058.677988,46,44940,722.787306,0
1645283160000,0.016062,0.016070,0.016054,0.016063,711107,1645283219999,11421.931222,82,323331,5193.894137,0
1645283220000,0.016064,0.016082,0.016064,0.016079,107378,1645283279999,1726.047495,31,69559,1118.016403,0
1645283280000,0.016080,0.016088,0.016071,0.016088,520464,1645283339999,8369.221304,62,360204,5792.254726,0
1645283340000,0.016097,0.016103,0.016090,0.016090,398222,1645283399999,6410.962939,42,276159,4446.290533,0
1645283400000,0.016090,0.016101,0.016087,0.016096,294366,1645283459999,4737.625417,49,176953,2848.116130,0
1645283460000,0.016095,0.016103,0.016093,0.016096,361716,1645283519999,5823.367862,56,328297,5285.411480,0
1645283520000,0.016096,0.016100,0.016088,0.016094,280328,1645283579999,4511.972693,55,247016,3975.873536,0
1645283580000,0.016097,0.016101,0.016085,0.016101,554760,1645283639999,8927.623041,50,302207,4863.457119,0
1645283640000,0.016100,0.016103,0.016095,0.016096,153576,1645283699999,2472.703752,34,40294,648.752110,0
1645283700000,0.016097,0.016137,0.016094,0.016126,931263,1645283759999,15020.195994,96,424045,6837.056622,0
1645283760000,0.016121,0.016177,0.016121,0.016162,920147,1645283819999,14865.836856,84,739055,11939.900573,0
1645283820000,0.016160,0.016164,0.016152,0.016160,287104,1645283879999,4640.065210,38,155607,2515.005567,0
1645283880000,0.016163,0.016165,0.016154,0.016160,244098,1645283939999,3944.973913,51,125852,2034.190064,0
1645283940000,0.016161,0.016161,0.016145,0.016153,423023,1645283999999,6832.704286,44,141192,2280.423681,0
1645284000000,0.016154,0.016155,0.016135,0.016151,483038,1645284059999,7799.192181,61,299674,4838.907968,0
1645284060000,0.016152,0.016156,0.016150,0.016150,98405,1645284119999,1589.599065,34,13957,225.441350,0
1645284120000,0.016151,0.016166,0.016150,0.016150,1055898,1645284179999,17060.078876,82,596779,9642.078902,0
1645284180000,0.016151,0.016153,0.016133,0.016146,471866,1645284239999,7616.848211,58,230996,3728.249348,0
1645284240000,0.016146,0.016161,0.016145,0.016153,347271,1645284299999,5609.099904,61,280422,4529.467044,0
1645284300000,0.016151,0.016151,0.016124,0.016140,928992,1645284359999,14990.190352,108,378921,6112.457792,0
1645284360000,0.016143,0.016160,0.016141,0.016153,922690,1645284419999,14899.384196,63,95964,1550.332390,0
1645284420000,0.016154,0.016154,0.016142,0.016149,135339,1645284479999,2185.804133,30,43625,704.516377,0
1645284480000,0.016148,0.016148,0.016129,0.016138,333132,1645284539999,5376.534677,77,55213,891.206784,0
1645284540000,0.016139,0.016170,0.016139,0.016162,603232,1645284599999,9743.571480,62,504747,8153.084192,0
1645284600000,0.016162,0.016186,0.016136,0.016146,1684028,1645284659999,27233.255532,79,233292,3770.830004,0
1645284660000,0.016138,0.016165,0.016138,0.016165,465179,1645284719999,7515.922789,40,407528,6584.922180,0
1645284720000,0.016170,0.016200,0.016168,0.016197,1047953,1645284779999,16957.158794,100,549497,8890.309406,0
1645284780000,0.016201,0.016205,0.016173,0.016183,1136078,1645284839999,18390.548705,68,89633,1450.942155,0
1645284840000,0.016185,0.016185,0.016161,0.016161,119762,1645284899999,1936.658348,32,23311,376.906892,0
1645284900000,0.016162,0.016168,0.016155,0.016166,137657,1645284959999,2224.780352,29,97938,1582.835443,0
1645284960000,0.016172,0.016179,0.016170,0.016179,612582,1645285019999,9908.349965,39,513632,8308.043220,0
1645285020000,0.016180,0.016224,0.016179,0.016206,2346885,1645285079999,38024.242367,159,1521284,24645.005851,0
1645285080000,0.016202,0.016209,0.016180,0.016181,365719,1645285139999,5921.912290,55,124272,2012.349630,0
1645285140000,0.016186,0.016193,0.016178,0.016187,594275,1645285199999,9620.140715,49,161561,2615.259376,0
1645285200000,0.016190,0.016191,0.016172,0.016179,196176,1645285259999,3173.918700,48,169584,2743.798226,0
1645285260000,0.016180,0.016193,0.016175,0.016181,437412,1645285319999,7081.066311,58,35326,571.794372,0
1645285320000,0.016180,0.016182,0.016156,0.016162,233725,1645285379999,3780.085555,43,113594,1837.624468,0
1645285380000,0.016165,0.016207,0.016164,0.016202,879799,1645285439999,14243.050894,71,371874,6019.090860,0
1645285440000,0.016203,0.016214,0.016180,0.016182,305461,1645285499999,4948.605901,46,203291,3293.892033,0
1645285500000,0.016174,0.016179,0.016162,0.016169,694844,1645285559999,11238.094987,54,271613,4393.086696,0
1645285560000,0.016168,0.016201,0.016165,0.016195,613025,1645285619999,9919.864650,77,497749,8053.290924,0
1645285620000,0.016197,0.016203,0.016197,0.016200,293397,1645285679999,4753.079245,29,79205,1283.027699,0
1645285680000,0.016201,0.016201,0.016180,0.016198,333597,1645285739999,5400.685747,39,174036,2817.436714,0
1645285740000,0.016197,0.016211,0.016197,0.016199,492058,1645285799999,7973.878402,67,150216,2434.445371,0
1645285800000,0.016201,0.016204,0.016181,0.016181,344516,1645285859999,5580.132483,38,41269,667.863505,0
1645285860000,0.016181,0.016212,0.016180,0.016212,329069,1645285919999,5329.891463,46,151612,2456.714434,0
1645285920000,0.016213,0.016233,0.016213,0.016223,314067,1645285979999,5094.082000,53,243399,3947.709304,0
1645285980000,0.016223,0.016223,0.016193,0.016203,191163,1645286039999,3098.130710,48,20528,332.476609,0
1645286040000,0.016203,0.016207,0.016200,0.016200,101555,1645286099999,1645.409087,24,17509,283.689412,0
1645286100000,0.016202,0.016210,0.016199,0.016199,77529,1645286159999,1256.395356,44,25911,419.901387,0
1645286160000,0.016201,0.016211,0.016201,0.016205,33959,1645286219999,550.300368,33,19316,313.009670,0
1645286220000,0.016209,0.016210,0.016192,0.016208,391349,1645286279999,6339.904015,44,188050,3046.599208,0
1645286280000,0.016207,0.016222,0.016202,0.016220,580452,1645286339999,9409.911173,36,491523,7967.665257,0
1645286340000,0.016220,0.016261,0.016220,0.016231,2033948,1645286399999,33040.916384,168,1183932,19232.377698,0
1645286400000,0.016236,0.016296,0.016235,0.016296,4110491,1645286459999,66887.443532,177,3328210,54174.928994,0
1645286460000,0.016296,0.016298,0.016241,0.016246,621544,1645286519999,10114.426146,69,78479,1276.649107,0
1645286520000,0.016242,0.016258,0.016233,0.016255,713682,1645286579999,11593.408575,82,427786,6951.071410,0
1645286580000,0.016248,0.016248,0.016209,0.016235,258950,1645286639999,4200.814294,54,155253,2518.323166,0
1645286640000,0.016233,0.016262,0.016233,0.016250,199793,1645286699999,3246.097866,45,114416,1858.597674,0
1645286700000,0.016251,0.016322,0.016251,0.016318,941671,1645286759999,15342.995300,92,873843,14237.551163,0
1645286760000,0.016319,0.016336,0.016294,0.016323,1916910,1645286819999,31289.045608,154,732143,11950.248696,0
1645286820000,0.016327,0.016362,0.016319,0.016331,881549,1645286879999,14401.884521,102,230160,3762.190208,0
1645286880000,0.016329,0.016388,0.016329,0.016358,1200775,1645286939999,19661.861132,116,250671,4102.296755,0
1645286940000,0.016357,0.016403,0.016356,0.016389,1185009,1645286999999,19414.383034,91,478791,7845.481144,0
1645287000000,0.016399,0.016434,0.016394,0.016394,3225780,1645287059999,52958.785364,183,934897,15349.071293,0
1645287060000,0.016387,0.016418,0.016359,0.016415,3575382,1645287119999,58562.442146,159,1582521,25943.209125,0
1645287120000,0.016415,0.016422,0.016398,0.016413,1329205,1645287179999,21817.396107,73,612078,10046.908915,0
1645287180000,0.016416,0.016445,0.016414,0.016443,394397,1645287239999,6480.434821,82,271231,4456.657293,0
1645287240000,0.016441,0.016461,0.016421,0.016454,1018845,1645287299999,16748.169075,80,690827,11357.669863,0
1645287300000,0.016454,0.016482,0.016420,0.016482,1349600,1645287359999,22207.762559,119,381623,6278.540179,0
1645287360000,0.016481,0.016538,0.016460,0.016511,4432691,1645287419999,73148.735807,277,2431730,40115.387541,0
1645287420000,0.016515,0.016557,0.016474,0.016522,4122088,1645287479999,68141.577688,264,2873266,47506.867150,0
1645287480000,0.016518,0.016541,0.016505,0.016529,400559,1645287539999,6620.105761,71,83758,1384.192991,0
1645287540000,0.016524,0.016528,0.016485,0.016489,632863,1645287599999,10447.485881,90,227002,3750.148737,0
1645287600000,0.016499,0.016537,0.016497,0.016498,1059995,1645287659999,17510.780673,98,509044,8408.408432,0
1645287660000,0.016503,0.016535,0.016493,0.016535,692606,1645287719999,11432.622322,75,441604,7290.379589,0
1645287720000,0.016534,0.016563,0.016534,0.016538,1265098,1645287779999,20932.375049,120,673979,11153.853468,0
1645287780000,0.016534,0.016562,0.016530,0.016559,1319246,1645287839999,21838.624288,66,933258,15450.589614,0
1645287840000,0.016559,0.016560,0.016521,0.016543,341706,1645287899999,5652.989280,58,86926,1437.344005,0
1645287900000,0.016540,0.016540,0.016514,0.016533,239943,1645287959999,3965.301800,61,49440,816.853021,0
1645287960000,0.016536,0.016540,0.016503,0.016518,392951,1645288019999,6490.337418,66,215626,3560.813429,0
1645288020000,0.016519,0.016526,0.016466,0.016475,1303057,1645288079999,21485.041161,138,340974,5618.790839,0
1645288080000,0.016474,0.016499,0.016453,0.016486,730869,1645288139999,12042.289081,119,428523,7060.202590,0
1645288140000,0.016480,0.016480,0.016457,0.016470,430344,1645288199999,7088.169489,73,210728,3470.533533,0
1645288200000,0.016466,0.016493,0.016458,0.016493,1744261,1645288259999,28748.026893,82,404216,6657.705657,0
1645288260000,0.016490,0.016525,0.016478,0.016492,1538467,1645288319999,25392.331176,100,680458,11228.813296,0
1645288320000,0.016493,0.016498,0.016466,0.016467,397637,1645288379999,6552.854682,61,90650,1493.470446,0
1645288380000,0.016470,0.016490,0.016470,0.016485,417544,1645288439999,6879.768193,51,168133,2770.867390,0
1645288440000,0.016485,0.016489,0.016458,0.016458,911501,1645288499999,15019.702653,90,26615,438.648136,0
1645288500000,0.016464,0.016467,0.016454,0.016458,454158,1645288559999,7474.743030,60,166770,2745.368651,0
1645288560000,0.016461,0.016485,0.016458,0.016484,113386,1645288619999,1867.268497,42,76553,1260.648456,0
1645288620000,0.016481,0.016498,0.016474,0.016478,791013,1645288679999,13042.508018,58,142964,2356.208347,0
1645288680000,0.016474,0.016479,0.016470,0.016479,280585,1645288739999,4622.498268,31,105210,1733.708882,0
1645288740000,0.016472,0.016486,0.016470,0.016476,443207,1645288799999,7302.333132,58,183845,3029.275795,0
1645288800000,0.016475,0.016481,0.016462,0.016467,639115,1645288859999,10525.823666,51,85435,1407.131395,0
1645288860000,0.016469,0.016478,0.016465,0.016468,500594,1645288919999,8246.746171,32,69475,1144.132254,0
1645288920000,0.016471,0.016493,0.016471,0.016479,179851,1645288979999,2965.334548,37,119506,1970.609755,0
1645288980000,0.016479,0.016479,0.016454,0.016455,361570,1645289039999,5953.695865,59,147604,2429.831999,0
1645289040000,0.016455,0.016462,0.016412,0.016418,1839498,1645289099999,30224.767906,111,734975,12083.855204,0
1645289100000,0.016424,0.016434,0.016378,0.016392,1100484,1645289159999,18049.248757,126,495458,8126.086135,0
1645289160000,0.016399,0.016401,0.016377,0.016385,805573,1645289219999,13202.159979,71,272010,4457.596437,0
1645289220000,0.016385,0.016388,0.016347,0.016347,1520048,1645289279999,24889.672120,110,465234,7621.195788,0
1645289280000,0.016358,0.016375,0.016358,0.016365,947732,1645289339999,15511.406961,60,566212,9267.805690,0
1645289340000,0.016375,0.016379,0.016358,0.016359,295074,1645289399999,4830.593920,32,138936,2275.119071,0
1645289400000,0.016359,0.016379,0.016358,0.016372,368823,1645289459999,6038.736860,43,302574,4954.512812,0
1645289460000,0.016371,0.016378,0.016371,0.016371,265733,1645289519999,4350.975752,33,67669,1108.024072,0
1645289520000,0.016368,0.016368,0.016335,0.016356,1129393,1645289579999,18467.244277,70,332509,5435.883754,0
1645289580000,0.016354,0.016371,0.016346,0.016371,157396,1645289639999,2575.181845,34,37325,610.768874,0
1645289640000,0.016365,0.016366,0.016351,0.016351,214524,1645289699999,3508.941255,26,17006,278.129377,0
1645289700000,0.016351,0.016354,0.016317,0.016330,497346,1645289759999,8125.735194,58,223379,3650.390545,0
1645289760000,0.016330,0.016330,0.016247,0.016261,2252281,1645289819999,36659.032228,193,730908,11893.315439,0
1645289820000,0.016262,0.016301,0.016259,0.016269,1258048,1645289879999,20469.645184,104,869946,14154.972413,0
1645289880000,0.016261,0.016278,0.016251,0.016278,815462,1645289939999,13261.495290,60,388893,6325.417508,0
1645289940000,0.016271,0.016299,0.016264,0.016289,234576,1645289999999,3817.303657,48,195908,3187.667686,0
1645290000000,0.016294,0.016294,0.016225,0.016247,2429888,1645290059999,39499.002411,109,1635070,26574.624094,0
1645290060000,0.016254,0.016265,0.016244,0.016245,487874,1645290119999,7931.136710,49,139441,2266.516572,0
1645290120000,0.016252,0.016285,0.016252,0.016278,478409,1645290179999,7785.534844,74,246144,4005.199574,0
1645290180000,0.016278,0.016280,0.016250,0.016250,638955,1645290239999,10389.758095,54,76277,1240.081885,0
1645290240000,0.016250,0.016258,0.016244,0.016258,231076,1645290299999,3754.929266,46,92887,1509.455527,0
1645290300000,0.016262,0.016296,0.016262,0.016279,291997,1645290359999,4754.194117,51,167808,2732.418396,0
1645290360000,0.016290,0.016333,0.016290,0.016311,1524942,1645290419999,24877.301075,88,970357,15827.042985,0
1645290420000,0.016312,0.016346,0.016310,0.016342,1932996,1645290479999,31574.349105,101,1469035,23997.901358,0
1645290480000,0.016339,0.016347,0.016320,0.016324,707885,1645290539999,11558.619498,72,213603,3487.869773,0
1645290540000,0.016325,0.016361,0.016322,0.016361,542405,1645290599999,8864.278701,65,390395,6379.228674,0
1645290600000,0.016353,0.016364,0.016331,0.016364,217326,1645290659999,3552.961596,53,73677,1204.637853,0
1645290660000,0.016365,0.016370,0.016331,0.016331,455066,1645290719999,7443.414457,51,45954,751.918103,0
1645290720000,0.016329,0.016354,0.016309,0.016333,2468808,1645290779999,40311.138536,93,2021466,33005.182728,0
1645290780000,0.016330,0.016335,0.016322,0.016325,509589,1645290839999,8320.976751,48,211431,3452.189377,0
1645290840000,0.016323,0.016352,0.016319,0.016347,153900,1645290899999,2512.751734,41,119393,1948.985013,0
1645290900000,0.016350,0.016370,0.016343,0.016351,743666,1645290959999,12163.897328,60,432654,7077.850475,0
1645290960000,0.016352,0.016352,0.016325,0.016326,502789,1645291019999,8212.156536,59,286701,4682.555234,0
1645291020000,0.016327,0.016331,0.016298,0.016302,521830,1645291079999,8511.422260,66,181192,2955.989566,0
1645291080000,0.016302,0.016312,0.016297,0.016308,456978,1645291139999,7450.459743,72,162707,2653.062416,0
1645291140000,0.016313,0.016321,0.016305,0.016312,236434,1645291199999,3856.613479,38,217719,3551.268931,0
1645291200000,0.016313,0.016315,0.016286,0.016286,281436,1645291259999,4586.780016,49,105685,1722.797882,0
1645291260000,0.016282,0.016303,0.016280,0.016303,1036685,1645291319999,16891.424867,97,634503,10339.242670,0
1645291320000,0.016295,0.016303,0.016287,0.016303,331841,1645291379999,5406.620028,31,243395,3965.468543,0
1645291380000,0.016295,0.016295,0.016266,0.016275,594557,1645291439999,9677.758370,57,203044,3305.337854,0
1645291440000,0.016276,0.016282,0.016258,0.016267,354632,1645291499999,5768.310181,51,191703,3117.940172,0
1645291500000,0.016268,0.016293,0.016268,0.016293,112790,1645291559999,1836.198200,27,108817,1771.506164,0
1645291560000,0.016298,0.016300,0.016268,0.016278,353814,1645291619999,5762.027328,60,168133,2736.980229,0
1645291620000,0.016259,0.016269,0.016255,0.016269,237062,1645291679999,3854.666386,41,172915,2811.576802,0
1645291680000,0.016264,0.016280,0.016264,0.016273,203609,1645291739999,3312.223561,27,200944,3268.857093,0
1645291740000,0.016273,0.016305,0.016272,0.016305,685725,1645291799999,11167.103380,58,276674,4507.939386,0
1645291800000,0.016299,0.016332,0.016299,0.016327,323992,1645291859999,5287.783694,41,227472,3712.050934,0
1645291860000,0.016329,0.016341,0.016311,0.016311,889543,1645291919999,14521.648810,79,432860,7067.987653,0
1645291920000,0.016304,0.016328,0.016286,0.016316,886982,1645291979999,14462.983459,75,480779,7836.381214,0
1645291980000,0.016315,0.016315,0.016289,0.016300,1043611,1645292039999,17012.479495,69,77635,1265.123894,0
1645292040000,0.016301,0.016321,0.016295,0.016314,517748,1645292099999,8442.684882,53,383289,6249.826603,0
1645292100000,0.016318,0.016325,0.016307,0.016323,231213,1645292159999,3772.736192,46,158651,2588.953457,0
1645292160000,0.016322,0.016322,0.016305,0.016307,280982,1645292219999,4584.517831,37,170149,2775.950442,0
1645292220000,0.016308,0.016327,0.016308,0.016327,109494,1645292279999,1786.659158,25,86623,1413.307670,0
1645292280000,0.016332,0.016348,0.016330,0.016348,208968,1645292339999,3413.148855,34,161933,2644.848461,0
1645292340000,0.016351,0.016368,0.016347,0.016347,812896,1645292399999,13297.382064,79,500670,8189.880904,0
1645292400000,0.016348,0.016351,0.016322,0.016323,497977,1645292459999,8137.456312,45,326740,5340.857027,0
1645292460000,0.016323,0.016333,0.016313,0.016328,467905,1645292519999,7637.912006,63,240218,3920.938614,0
1645292520000,0.016331,0.016355,0.016328,0.016340,293607,1645292579999,4797.408055,52,120066,1961.678317,0
1645292580000,0.016340,0.016349,0.016336,0.016337,345672,1645292639999,5649.419249,45,255684,4178.633310,0
1645292640000,0.016332,0.016357,0.016332,0.016352,161514,1645292699999,2638.501626,24,146440,2392.006802,0
1645292700000,0.016350,0.016353,0.016343,0.016347,173358,1645292759999,2834.193426,47,162886,2662.968991,0
1645292760000,0.016347,0.016348,0.016335,0.016337,204149,1645292819999,3335.574216,37,96358,1574.394060,0
1645292820000,0.016336,0.016343,0.016313,0.016313,585902,1645292879999,9568.858551,65,89748,1466.379142,0
1645292880000,0.016313,0.016346,0.016313,0.016327,211388,1645292939999,3450.307563,42,167268,2730.372145,0
1645292940000,0.016322,0.016322,0.016279,0.016288,970385,1645292999999,15821.360133,64,229754,3746.130672,0
1645293000000,0.016289,0.016342,0.016286,0.016337,1757182,1645293059999,28676.372263,110,1452482,23700.633572,0
1645293060000,0.016329,0.016349,0.016324,0.016347,219742,1645293119999,3589.353624,36,207150,3383.638378,0
1645293120000,0.016339,0.016344,0.016310,0.016333,574820,1645293179999,9383.842378,58,194914,3182.373313,0
1645293180000,0.016317,0.016327,0.016309,0.016314,219466,1645293239999,3580.874241,40,154683,2523.466769,0
1645293240000,0.016316,0.016328,0.016315,0.016324,205290,1645293299999,3351.124300,32,162023,2645.119891,0
1645293300000,0.016324,0.016338,0.016321,0.016335,362091,1645293359999,5912.601823,42,233962,3820.981137,0
1645293360000,0.016335,0.016336,0.016335,0.016336,230289,1645293419999,3761.926877,36,38820,634.163520,0
1645293420000,0.016336,0.016348,0.016333,0.016336,359727,1645293479999,5877.619758,52,133318,2178.241034,0
1645293480000,0.016336,0.016340,0.016328,0.016329,145516,1645293539999,2376.762333,32,76553,1250.260548,0
1645293540000,0.016330,0.016360,0.016330,0.016335,564745,1645293599999,9231.318983,71,248700,4063.425741,0
1645293600000,0.016333,0.016333,0.016299,0.016312,1308441,1645293659999,21345.322535,104,768896,12541.272422,0
1645293660000,0.016313,0.016320,0.016305,0.016312,352816,1645293719999,5755.694369,47,28313,461.820211,0
1645293720000,0.016304,0.016328,0.016297,0.016322,782956,1645293779999,12771.894601,103,536667,8754.135747,0
1645293780000,0.016318,0.016318,0.016299,0.016299,398251,1645293839999,6494.587953,34,109417,1784.222081,0
1645293840000,0.016301,0.016301,0.016290,0.016301,218533,1645293899999,3561.163863,41,85813,1398.503216,0
1645293900000,0.016301,0.016319,0.016297,0.016308,402773,1645293959999,6569.783547,67,341555,5571.272739,0
1645293960000,0.016310,0.016327,0.016310,0.016312,464172,1645294019999,7573.803595,53,248165,4049.531945,0
1645294020000,0.016308,0.016320,0.016307,0.016320,163101,1645294079999,2660.022377,18,153930,2510.451037,0
1645294080000,0.016320,0.016320,0.016308,0.016310,460081,1645294139999,7506.483799,60,52224,851.924076,0
1645294140000,0.016310,0.016324,0.016307,0.016314,437453,1645294199999,7137.446546,70,217779,3554.205336,0
1645294200000,0.016313,0.016327,0.016310,0.016318,399484,1645294259999,6517.518885,66,118279,1930.448008,0
1645294260000,0.016312,0.016326,0.016312,0.016318,243872,1645294319999,3980.072228,63,84634,1381.143586,0
1645294320000,0.016320,0.016325,0.016310,0.016321,333408,1645294379999,5440.177809,49,54094,882.686129,0
1645294380000,0.016317,0.016326,0.016317,0.016321,422039,1645294439999,6887.678288,57,145449,2373.869914,0
1645294440000,0.016325,0.016326,0.016288,0.016289,957266,1645294499999,15611.905102,104,214924,3503.064802,0
1645294500000,0.016289,0.016313,0.016289,0.016312,362951,1645294559999,5913.616312,45,325272,5299.606483,0
1645294560000,0.016318,0.016318,0.016295,0.016299,672078,1645294619999,10956.565838,48,297765,4853.854775,0
1645294620000,0.016300,0.016303,0.016279,0.016283,554984,1645294679999,9041.468263,63,39002,635.393725,0
1645294680000,0.016285,0.016288,0.016275,0.016285,376932,1645294739999,6137.048927,64,113672,1850.851123,0
1645294740000,0.016286,0.016286,0.016274,0.016279,174351,1645294799999,2838.658854,35,70878,1154.003385,0
1645294800000,0.016280,0.016287,0.016271,0.016271,417527,1645294859999,6797.519434,54,194631,3168.920816,0
1645294860000,0.016272,0.016284,0.016270,0.016284,196005,1645294919999,3189.557524,42,132571,2157.390239,0
1645294920000,0.016279,0.016280,0.016247,0.016249,2340004,1645294979999,38050.217247,101,109442,1779.644808,0
1645294980000,0.016249,0.016250,0.016238,0.016241,536158,1645295039999,8709.711977,61,297700,4836.530978,0
1645295040000,0.016242,0.016250,0.016240,0.016243,262194,1645295099999,4259.456645,54,226121,3673.499559,0
1645295100000,0.016244,0.016262,0.016244,0.016247,856987,1645295159999,13930.403078,60,692720,11259.313256,0
1645295160000,0.016248,0.016255,0.016248,0.016253,216226,1645295219999,3514.172677,38,110902,1802.337606,0
1645295220000,0.016250,0.016254,0.016233,0.016233,1868925,1645295279999,30367.618983,90,1304024,21190.040482,0
1645295280000,0.016231,0.016251,0.016223,0.016247,1244593,1645295339999,20209.314245,94,890950,14470.126602,0
1645295340000,0.016244,0.016245,0.016234,0.016235,238595,1645295399999,3874.178572,25,171809,2789.502823,0
1645295400000,0.016235,0.016248,0.016228,0.016239,786292,1645295459999,12763.656145,57,603367,9793.978749,0
1645295460000,0.016239,0.016240,0.016215,0.016218,1413772,1645295519999,22938.007540,92,430303,6981.612246,0
1645295520000,0.016213,0.016232,0.016213,0.016231,512860,1645295579999,8319.273331,44,483577,7844.329959,0
1645295580000,0.016233,0.016242,0.016223,0.016224,436031,1645295639999,7078.403976,53,125942,2045.110081,0
1645295640000,0.016222,0.016238,0.016217,0.016233,726171,1645295699999,11779.463500,69,203301,3298.316123,0
1645295700000,0.016230,0.016233,0.016214,0.016216,884194,1645295759999,14341.977227,88,519881,8433.118944,0
1645295760000,0.016214,0.016241,0.016214,0.016240,794926,1645295819999,12899.344321,81,489427,7941.634095,0
1645295820000,0.016235,0.016235,0.016214,0.016229,664908,1645295879999,10784.363858,56,431376,6995.937395,0
1645295880000,0.016230,0.016231,0.016224,0.016225,509709,1645295939999,8271.347612,27,133416,2164.882990,0
1645295940000,0.016225,0.016269,0.016220,0.016265,3196628,1645295999999,51929.414529,179,2379060,38643.295697,0
1645296000000,0.016264,0.016295,0.016263,0.016291,1075769,1645296059999,17509.203445,79,718707,11698.255912,0
1645296060000,0.016289,0.016304,0.016273,0.016273,703537,1645296119999,11459.309428,69,544436,8868.017827,0
1645296120000,0.016273,0.016273,0.016256,0.016263,298607,1645296179999,4856.620694,33,227569,3701.325058,0
1645296180000,0.016260,0.016264,0.016252,0.016264,970241,1645296239999,15772.421452,63,240241,3904.990156,0
1645296240000,0.016264,0.016264,0.016243,0.016254,295163,1645296299999,4796.346195,29,51286,833.210870,0
1645296300000,0.016255,0.016263,0.016250,0.016262,180888,1645296359999,2940.717165,20,3631,59.027853,0
1645296360000,0.016262,0.016275,0.016257,0.016263,955220,1645296419999,15536.107754,68,368067,5987.703440,0
1645296420000,0.016266,0.016280,0.016260,0.016280,275089,1645296479999,4475.812322,32,68329,1111.722645,0
1645296480000,0.016274,0.016274,0.016261,0.016267,202388,1645296539999,3292.398599,29,47638,774.982725,0
1645296540000,0.016258,0.016261,0.016242,0.016243,666899,1645296599999,10840.931668,41,136966,2226.864660,0
1645296600000,0.016243,0.016292,0.016242,0.016287,499210,1645296659999,8118.772823,59,293398,4771.757507,0
1645296660000,0.016289,0.016302,0.016287,0.016296,444920,1645296719999,7250.218211,42,132013,2151.020741,0
1645296720000,0.016295,0.016295,0.016276,0.016286,258791,1645296779999,4213.960746,21,99957,1627.015381,0
1645296780000,0.016289,0.016304,0.016287,0.016300,190275,1645296839999,3099.862055,20,128071,2086.147008,0
1645296840000,0.016299,0.016299,0.016267,0.016272,162623,1645296899999,2648.561255,24,18085,294.343177,0
1645296900000,0.016271,0.016273,0.016230,0.016231,705912,1645296959999,11470.959511,74,119853,1948.249974,0
1645296960000,0.016229,0.016238,0.016221,0.016229,172165,1645297019999,2794.489777,34,77506,1257.944662,0
1645297020000,0.016229,0.016241,0.016226,0.016239,401211,1645297079999,6512.842242,44,249536,4050.683254,0
1645297080000,0.016237,0.016253,0.016235,0.016246,163661,1645297139999,2657.415167,22,131803,2140.041446,0
1645297140000,0.016248,0.016263,0.016248,0.016259,344132,1645297199999,5593.184180,28,202596,3291.868328,0
1645297200000,0.016249,0.016250,0.016225,0.016250,551402,1645297259999,8948.356865,40,449435,7292.370331,0
1645297260000,0.016245,0.016259,0.016228,0.016229,663583,1645297319999,10781.733976,50,381710,6202.558029,0
1645297320000,0.016236,0.016236,0.016203,0.016207,691965,1645297379999,11221.321750,67,219343,3556.450992,0
1645297380000,0.016205,0.016212,0.016204,0.016211,141994,1645297439999,2301.311117,31,62269,1009.345833,0
1645297440000,0.016208,0.016221,0.016204,0.016204,278265,1645297499999,4512.125583,29,176453,2860.940297,0
1645297500000,0.016203,0.016210,0.016181,0.016184,760595,1645297559999,12316.293961,79,93267,1510.044636,0
1645297560000,0.016181,0.016185,0.016166,0.016167,723599,1645297619999,11704.595441,104,422197,6830.110910,0
1645297620000,0.016167,0.016167,0.016117,0.016119,751048,1645297679999,12123.057906,74,86758,1400.182511,0
1645297680000,0.016119,0.016165,0.016114,0.016143,1311415,1645297739999,21167.917290,102,1054158,17013.113037,0
1645297740000,0.016140,0.016163,0.016140,0.016154,191947,1645297799999,3099.279239,32,150912,2436.553013,0
1645297800000,0.016154,0.016162,0.016151,0.016151,93241,1645297859999,1506.516013,28,41458,669.915685,0
1645297860000,0.016152,0.016157,0.016146,0.016156,113804,1645297919999,1838.219616,36,79899,1290.730821,0
1645297920000,0.016155,0.016155,0.016140,0.016140,201016,1645297979999,3246.337232,45,144838,2339.080095,0
1645297980000,0.016139,0.016142,0.016134,0.016138,186143,1645298039999,3003.720727,26,87786,1416.439057,0
1645298040000,0.016138,0.016161,0.016138,0.016161,378283,1645298099999,6106.344113,27,65691,1060.479633,0
1645298100000,0.016166,0.016180,0.016164,0.016168,311210,1645298159999,5032.691589,43,80533,1302.431772,0
1645298160000,0.016171,0.016187,0.016171,0.016187,374059,1645298219999,6051.086219,63,257434,4164.459172,0
1645298220000,0.016182,0.016183,0.016165,0.016170,72155,1645298279999,1166.944314,23,15775,255.027605,0
1645298280000,0.016168,0.016170,0.016150,0.016150,150986,1645298339999,2440.758918,31,59058,954.813826,0
1645298340000,0.016150,0.016150,0.016134,0.016138,123205,1645298399999,1988.516286,28,94562,1526.240801,0
1645298400000,0.016140,0.016158,0.016134,0.016149,384521,1645298459999,6206.413405,43,163412,2638.361456,0
1645298460000,0.016150,0.016153,0.016145,0.016148,233944,1645298519999,3777.896898,29,122235,1973.976000,0
1645298520000,0.016149,0.016149,0.016118,0.016118,523938,1645298579999,8453.600375,65,326004,5260.438344,0
1645298580000,0.016118,0.016141,0.016118,0.016122,912412,1645298639999,14719.878638,58,817868,13194.861379,0
1645298640000,0.016118,0.016130,0.016118,0.016122,341662,1645298699999,5508.375049,29,301068,4853.945813,0
1645298700000,0.016123,0.016133,0.016120,0.016130,199998,1645298759999,3224.662477,42,79620,1283.715235,0
1645298760000,0.016125,0.016135,0.016121,0.016129,212880,1645298819999,3433.096254,35,113346,1827.605991,0
1645298820000,0.016128,0.016130,0.016123,0.016129,99960,1645298879999,1612.030216,39,91896,1481.996388,0
1645298880000,0.016126,0.016141,0.016121,0.016137,517893,1645298939999,8353.016094,47,388396,6265.018871,0
1645298940000,0.016140,0.016152,0.016139,0.016139,260043,1645298999999,4197.833645,27,77266,1247.119972,0
1645299000000,0.016140,0.016146,0.016128,0.016129,561116,1645299059999,9054.482239,51,248258,4005.248959,0
1645299060000,0.016128,0.016162,0.016121,0.016158,1581008,1645299119999,25526.565340,85,1155412,18658.475268,0
1645299120000,0.016153,0.016155,0.016118,0.016118,262118,1645299179999,4230.532937,48,59816,966.111745,0
1645299180000,0.016115,0.016145,0.016109,0.016138,427958,1645299239999,6900.723205,59,251660,4058.070526,0
1645299240000,0.016140,0.016148,0.016135,0.016148,196221,1645299299999,3166.549045,24,125765,2029.385820,0
1645299300000,0.016157,0.016158,0.016147,0.016149,278664,1645299359999,4500.428490,34,109612,1770.014274,0
1645299360000,0.016155,0.016159,0.016142,0.016146,441210,1645299419999,7126.051921,50,140585,2271.121509,0
1645299420000,0.016151,0.016165,0.016151,0.016163,262390,1645299479999,4239.809697,44,246875,3989.120264,0
1645299480000,0.016164,0.016195,0.016164,0.016188,885854,1645299539999,14326.619294,82,651575,10536.962451,0
1645299540000,0.016189,0.016190,0.016169,0.016171,672264,1645299599999,10876.515041,35,154391,2497.970537,0
1645299600000,0.016171,0.016171,0.016147,0.016167,1330171,1645299659999,21499.810873,78,133724,2160.774926,0
1645299660000,0.016166,0.016169,0.016157,0.016157,147959,1645299719999,2391.887710,32,67163,1085.861073,0
1645299720000,0.016157,0.016157,0.016138,0.016142,230642,1645299779999,3723.977572,41,153715,2481.695611,0
1645299780000,0.016141,0.016157,0.016141,0.016151,135394,1645299839999,2185.913193,36,131720,2126.585756,0
1645299840000,0.016151,0.016160,0.016151,0.016157,709174,1645299899999,11458.018419,42,225052,3635.940341,0
1645299900000,0.016151,0.016159,0.016138,0.016152,350326,1645299959999,5656.652760,31,288661,4660.516107,0
1645299960000,0.016147,0.016155,0.016132,0.016132,484326,1645300019999,7817.846057,44,8956,144.658254,0
1645300020000,0.016129,0.016132,0.016124,0.016132,266117,1645300079999,4292.026783,37,230624,3719.493277,0
1645300080000,0.016131,0.016131,0.016070,0.016071,1352199,1645300139999,21768.359607,122,177714,2862.908297,0
1645300140000,0.016071,0.016088,0.016050,0.016065,1254638,1645300199999,20161.749145,132,663820,10670.061421,0
1645300200000,0.016058,0.016078,0.016036,0.016072,796458,1645300259999,12785.287431,97,585993,9407.682282,0
1645300260000,0.016065,0.016065,0.016029,0.016029,986725,1645300319999,15832.545507,93,115669,1856.945320,0
1645300320000,0.016026,0.016041,0.016010,0.016039,720511,1645300379999,11541.864643,70,368504,5904.437114,0
1645300380000,0.016036,0.016063,0.016036,0.016063,536379,1645300439999,8608.739907,49,522992,8393.762482,0
1645300440000,0.016063,0.016063,0.016020,0.016026,304595,1645300499999,4886.282843,71,24974,400.594655,0
1645300500000,0.016026,0.016038,0.016022,0.016032,228088,1645300559999,3655.612073,49,203338,3258.804400,0
1645300560000,0.016033,0.016055,0.016033,0.016044,195546,1645300619999,3137.931427,32,83567,1340.791306,0
1645300620000,0.016037,0.016045,0.016037,0.016037,292091,1645300679999,4685.554612,41,260747,4182.814295,0
1645300680000,0.016038,0.016040,0.016026,0.016031,195603,1645300739999,3136.082045,32,121622,1950.259479,0
1645300740000,0.016034,0.016089,0.016034,0.016075,1128849,1645300799999,18143.935167,68,425663,6836.799530,0
1645300800000,0.016080,0.016080,0.016052,0.016069,1869241,1645300859999,30020.352924,79,958872,15394.939560,0
1645300860000,0.016071,0.016074,0.016045,0.016050,282987,1645300919999,4544.808724,41,144375,2317.704936,0
1645300920000,0.016049,0.016066,0.016040,0.016063,616433,1645300979999,9893.198488,57,480550,7712.441317,0
1645300980000,0.016067,0.016097,0.016067,0.016083,608725,1645301039999,9790.050415,56,351787,5657.422953,0
1645301040000,0.016090,0.016096,0.016084,0.016095,281090,1645301099999,4522.256431,40,195105,3138.913798,0
1645301100000,0.016091,0.016101,0.016089,0.016099,66537,1645301159999,1071.038753,25,26990,434.514990,0
1645301160000,0.016096,0.016097,0.016073,0.016075,223635,1645301219999,3597.544122,33,33538,539.183656,0
1645301220000,0.016074,0.016079,0.016062,0.016073,180060,1645301279999,2892.776065,31,143114,2299.129390,0
1645301280000,0.016074,0.016078,0.016064,0.016078,510260,1645301339999,8200.703411,32,390905,6282.292777,0
1645301340000,0.016079,0.016079,0.016065,0.016069,184354,1645301399999,2962.464186,26,72264,1161.182864,0
1645301400000,0.016066,0.016078,0.016066,0.016078,362240,1645301459999,5822.853659,32,324311,5213.131845,0
1645301460000,0.016078,0.016085,0.016072,0.016072,342801,1645301519999,5512.828750,21,156802,2521.757381,0
1645301520000,0.016071,0.016074,0.016060,0.016062,282005,1645301579999,4529.975862,31,73167,1175.457102,0
1645301580000,0.016057,0.016057,0.016019,0.016052,3973801,1645301639999,63740.801197,227,1479517,23727.649423,0
1645301640000,0.016049,0.016064,0.016046,0.016058,225091,1645301699999,3613.719459,37,214395,3441.930256,0
1645301700000,0.016060,0.016083,0.016046,0.016082,501426,1645301759999,8054.573035,43,415822,6680.173494,0
1645301760000,0.016081,0.016083,0.016066,0.016068,653104,1645301819999,10498.184020,65,402906,6476.618894,0
1645301820000,0.016072,0.016072,0.016058,0.016063,66175,1645301879999,1063.005944,18,23086,370.867138,0
1645301880000,0.016062,0.016084,0.016062,0.016075,104450,1645301939999,1678.832893,38,68225,1096.447422,0
1645301940000,0.016072,0.016073,0.016067,0.016070,89979,1645301999999,1446.058369,25,32554,523.124768,0
1645302000000,0.016068,0.016088,0.016068,0.016071,298167,1645302059999,4794.110569,42,136489,2194.210224,0
1645302060000,0.016074,0.016080,0.016072,0.016072,118980,1645302119999,1912.561454,34,65355,1050.553243,0
1645302120000,0.016079,0.016085,0.016072,0.016080,188801,1645302179999,3035.047803,35,44146,709.911609,0
1645302180000,0.016076,0.016076,0.016072,0.016073,44541,1645302239999,715.985067,15,20270,325.807438,0
1645302240000,0.016074,0.016074,0.016068,0.016071,158923,1645302299999,2553.978132,28,62034,996.845914,0
1645302300000,0.016064,0.016067,0.016054,0.016054,127432,1645302359999,2046.880212,37,40272,646.910113,0
1645302360000,0.016056,0.016063,0.016050,0.016060,145686,1645302419999,2338.706333,31,132496,2126.963968,0
1645302420000,0.016055,0.016057,0.016049,0.016054,39871,1645302479999,640.111034,25,32350,519.362945,0
1645302480000,0.016055,0.016057,0.016050,0.016057,106951,1645302539999,1716.659260,22,61550,987.911484,0
1645302540000,0.016055,0.016055,0.016046,0.016047,498351,1645302599999,7998.523927,55,99206,1592.518911,0
1645302600000,0.016053,0.016057,0.016022,0.016029,1882596,1645302659999,30186.087836,86,688541,11035.421951,0
1645302660000,0.016032,0.016047,0.016027,0.016034,1147052,1645302719999,18392.658840,103,955130,15316.026729,0
1645302720000,0.016034,0.016044,0.016031,0.016035,438994,1645302779999,7039.068735,31,81181,1301.595786,0
1645302780000,0.016035,0.016073,0.016035,0.016071,817970,1645302839999,13136.866012,55,775525,12455.090004,0
1645302840000,0.016070,0.016096,0.016059,0.016096,2209899,1645302899999,35520.830458,109,1867219,30014.405807,0
1645302900000,0.016100,0.016109,0.016056,0.016065,2806434,1645302959999,45131.394990,125,521613,8389.493174,0
1645302960000,0.016068,0.016088,0.016065,0.016088,471447,1645303019999,7579.225411,38,297128,4775.551358,0
1645303020000,0.016089,0.016099,0.016088,0.016094,1567737,1645303079999,25231.934366,52,1185489,19080.347072,0
1645303080000,0.016096,0.016102,0.016094,0.016097,65371,1645303139999,1052.269402,26,20427,328.876854,0
1645303140000,0.016103,0.016136,0.016103,0.016124,1074808,1645303199999,17321.168815,90,721941,11632.839614,0
1645303200000,0.016128,0.016144,0.016127,0.016137,607524,1645303259999,9803.636676,60,242789,3918.208409,0
1645303260000,0.016138,0.016142,0.016095,0.016095,1057253,1645303319999,17052.006219,72,11331,182.454475,0
1645303320000,0.016098,0.016104,0.016092,0.016092,341434,1645303379999,5495.806272,37,115895,1865.438797,0
1645303380000,0.016092,0.016123,0.016092,0.016121,451724,1645303439999,7275.375485,22,238169,3833.728948,0
1645303440000,0.016122,0.016125,0.016111,0.016111,174569,1645303499999,2813.504853,35,57289,923.503752,0
1645303500000,0.016119,0.016133,0.016106,0.016113,752498,1645303559999,12129.398674,48,310960,5011.025001,0
1645303560000,0.016112,0.016120,0.016095,0.016099,516150,1645303619999,8312.714309,56,180396,2904.685201,0
1645303620000,0.016100,0.016119,0.016098,0.016104,203683,1645303679999,3280.794387,34,146165,2354.066907,0
1645303680000,0.016105,0.016113,0.016102,0.016113,159293,1645303739999,2565.626531,33,43060,693.703609,0
1645303740000,0.016114,0.016114,0.016101,0.016102,95219,1645303799999,1533.810348,19,2174,35.005748,0
1645303800000,0.016101,0.016106,0.016085,0.016103,1336058,1645303859999,21503.341999,72,198499,3195.983739,0
1645303860000,0.016106,0.016107,0.016097,0.016103,292150,1645303919999,4703.927068,28,200852,3233.696450,0
1645303920000,0.016100,0.016107,0.016100,0.016101,102644,1645303979999,1652.618197,17,95649,1539.954717,0
1645303980000,0.016102,0.016102,0.016096,0.016100,171748,1645304039999,2765.030623,32,87018,1400.950718,0
1645304040000,0.016097,0.016097,0.016067,0.016088,827154,1645304099999,13302.223080,58,348870,5611.215455,0
1645304100000,0.016094,0.016103,0.016089,0.016098,210679,1645304159999,3390.708255,24,209508,3371.861231,0
1645304160000,0.016097,0.016104,0.016081,0.016088,499508,1645304219999,8039.399118,44,68096,1095.702295,0
1645304220000,0.016090,0.016105,0.016090,0.016093,210283,1645304279999,3384.227489,23,174968,2815.544192,0
1645304280000,0.016098,0.016114,0.016092,0.016108,383920,1645304339999,6181.852220,43,264969,4266.990366,0
1645304340000,0.016109,0.016109,0.016085,0.016088,2189499,1645304399999,35244.826016,61,96464,1552.020404,0
1645304400000,0.016088,0.016092,0.016062,0.016062,828023,1645304459999,13320.659102,35,650541,10466.320337,0
1645304460000,0.016062,0.016094,0.016056,0.016094,1202300,1645304519999,19328.496846,71,999100,16063.147975,0
1645304520000,0.016091,0.016105,0.016090,0.016098,1229261,1645304579999,19791.490342,75,886019,14266.029627,0
1645304580000,0.016098,0.016109,0.016097,0.016097,82177,1645304639999,1323.115886,23,4318,69.532451,0
1645304640000,0.016101,0.016111,0.016099,0.016108,280887,1645304699999,4523.563612,29,237890,3831.281690,0
1645304700000,0.016107,0.016112,0.016104,0.016109,66127,1645304759999,1065.215967,20,2655,42.772680,0
1645304760000,0.016108,0.016121,0.016108,0.016111,162535,1645304819999,2618.595502,33,83275,1341.493529,0
1645304820000,0.016112,0.016122,0.016112,0.016115,124571,1645304879999,2007.768094,23,70593,1138.032237,0
1645304880000,0.016112,0.016120,0.016095,0.016100,242185,1645304939999,3900.786818,50,35592,573.383670,0
1645304940000,0.016097,0.016110,0.016094,0.016095,62672,1645304999999,1008.970675,21,17346,279.254559,0
1645305000000,0.016090,0.016095,0.016062,0.016062,509218,1645305059999,8187.341498,27,2206,35.494540,0
1645305060000,0.016064,0.016093,0.016064,0.016093,588039,1645305119999,9455.337166,65,531183,8541.039720,0
1645305120000,0.016092,0.016094,0.016074,0.016074,181975,1645305179999,2926.536475,37,2272,36.545023,0
1645305180000,0.016072,0.016083,0.016069,0.016082,460954,1645305239999,7408.920751,35,73637,1183.584921,0
1645305240000,0.016089,0.016102,0.016089,0.016094,486115,1645305299999,7824.532119,43,365245,5879.451505,0
1645305300000,0.016094,0.016095,0.016034,0.016038,2621704,1645305359999,42104.647532,164,918815,14750.137143,0
1645305360000,0.016040,0.016040,0.015973,0.015990,3187511,1645305419999,51006.300301,228,578120,9248.558981,0
1645305420000,0.015993,0.015993,0.015975,0.015982,166651,1645305479999,2663.838444,40,123356,1971.846010,0
1645305480000,0.015980,0.015980,0.015938,0.015980,1649719,1645305539999,26317.702187,146,577399,9217.302276,0
1645305540000,0.015985,0.016000,0.015966,0.015976,1117139,1645305599999,17848.478863,100,520452,8314.220526,0
1645305600000,0.015980,0.015985,0.015947,0.015964,543013,1645305659999,8668.829527,70,296543,4734.896141,0
1645305660000,0.015961,0.015982,0.015961,0.015979,521840,1645305719999,8335.423080,58,464919,7426.395109,0
1645305720000,0.015975,0.015982,0.015974,0.015979,32970,1645305779999,526.807659,29,11672,186.479859,0
1645305780000,0.015979,0.015990,0.015973,0.015981,328119,1645305839999,5244.456748,50,263354,4209.390644,0
1645305840000,0.015981,0.015984,0.015976,0.015980,116993,1645305899999,1869.562204,37,40816,652.254247,0
1645305900000,0.015979,0.015989,0.015975,0.015989,301774,1645305959999,4823.596375,43,264771,4232.251350,0
1645305960000,0.015989,0.016009,0.015985,0.016002,634648,1645306019999,10152.036450,75,471922,7548.752508,0
1645306020000,0.016003,0.016034,0.016003,0.016032,545168,1645306079999,8735.035166,38,443580,7106.424369,0
1645306080000,0.016031,0.016042,0.016031,0.016034,471571,1645306139999,7562.977668,44,250318,4014.458000,0
1645306140000,0.016032,0.016048,0.016031,0.016047,535860,1645306199999,8592.344755,41,272861,4375.916423,0
1645306200000,0.016049,0.016049,0.016024,0.016037,561216,1645306259999,9000.636870,61,313735,5029.619455,0
1645306260000,0.016047,0.016050,0.016039,0.016039,642031,1645306319999,10301.937678,45,9072,145.538858,0
1645306320000,0.016038,0.016038,0.016026,0.016029,264437,1645306379999,4238.462552,28,120641,1933.415854,0
1645306380000,0.016025,0.016025,0.015998,0.016005,185926,1645306439999,2976.980516,46,27907,446.669496,0
1645306440000,0.016004,0.016004,0.015989,0.016001,691506,1645306499999,11060.667445,27,88700,1418.353862,0
1645306500000,0.016004,0.016023,0.016004,0.016018,70648,1645306559999,1131.611283,28,61115,978.914035,0
1645306560000,0.016021,0.016023,0.016011,0.016022,539026,1645306619999,8634.200829,49,123017,1970.060165,0
1645306620000,0.016021,0.016033,0.016021,0.016033,186071,1645306679999,2981.872230,21,172106,2758.089922,0
1645306680000,0.016030,0.016030,0.016014,0.016023,639507,1645306739999,10247.158360,42,111476,1785.703097,0
1645306740000,0.016025,0.016025,0.016019,0.016023,357933,1645306799999,5734.657625,58,76031,1218.247018,0
1645306800000,0.016027,0.016028,0.016021,0.016028,106754,1645306859999,1710.829598,31,88476,1417.925703,0
1645306860000,0.016029,0.016030,0.016011,0.016011,175348,1645306919999,2810.288094,46,12799,205.096812,0
1645306920000,0.016011,0.016024,0.015986,0.016024,887850,1645306979999,14207.102730,85,633170,10133.065905,0
1645306980000,0.016024,0.016061,0.016024,0.016054,3333986,1645307039999,53500.306876,141,2447291,39267.824352,0
1645307040000,0.016057,0.016057,0.016052,0.016056,240831,1645307099999,3866.690370,24,37567,603.085818,0
1645307100000,0.016058,0.016076,0.016058,0.016070,529300,1645307159999,8505.153801,60,333311,5356.089870,0
1645307160000,0.016071,0.016071,0.016037,0.016037,822914,1645307219999,13204.612142,61,21196,340.211152,0
1645307220000,0.016030,0.016034,0.016016,0.016031,484441,1645307279999,7763.090267,36,475152,7614.191626,0
1645307280000,0.016032,0.016036,0.016025,0.016025,149879,1645307339999,2402.742483,35,23417,375.436346,0
1645307340000,0.016026,0.016056,0.016026,0.016056,196372,1645307399999,3149.212369,24,175329,2811.886971,0
1645307400000,0.016055,0.016056,0.016033,0.016036,215972,1645307459999,3465.678105,38,656,10.518304,0
1645307460000,0.016033,0.016062,0.016033,0.016050,342735,1645307519999,5501.359096,51,299627,4809.441563,0
1645307520000,0.016057,0.016068,0.016057,0.016059,244971,1645307579999,3934.332132,37,110237,1770.430477,0
1645307580000,0.016060,0.016071,0.016060,0.016069,79298,1645307639999,1273.811540,26,59430,954.568891,0
1645307640000,0.016071,0.016080,0.016055,0.016055,365000,1645307699999,5864.007889,57,31532,506.759603,0
1645307700000,0.016056,0.016079,0.016056,0.016079,161135,1645307759999,2589.220804,26,160481,2578.715275,0
1645307760000,0.016082,0.016082,0.016055,0.016065,460153,1645307819999,7396.149941,55,153351,2463.810873,0
1645307820000,0.016063,0.016066,0.016058,0.016065,229757,1645307879999,3690.082224,22,141194,2267.529398,0
1645307880000,0.016066,0.016082,0.016066,0.016074,222024,1645307939999,3568.472826,30,53184,854.471672,0
1645307940000,0.016065,0.016067,0.016056,0.016060,576022,1645307999999,9250.418568,49,316907,5088.803989,0
1645308000000,0.016061,0.016066,0.016052,0.016054,508198,1645308059999,8162.246532,31,483336,7763.105899,0
1645308060000,0.016056,0.016058,0.016035,0.016042,237677,1645308119999,3812.772255,48,17577,282.106337,0
1645308120000,0.016037,0.016098,0.016032,0.016098,1289960,1645308179999,20709.369272,98,699347,11231.683525,0
1645308180000,0.016094,0.016094,0.016056,0.016072,562038,1645308239999,9033.935497,64,228040,3664.660044,0
1645308240000,0.016072,0.016072,0.016046,0.016056,311048,1645308299999,4995.734425,50,176911,2840.153012,0
1645308300000,0.016051,0.016070,0.016051,0.016070,131887,1645308359999,2118.792807,34,66106,1061.854061,0
1645308360000,0.016071,0.016072,0.016065,0.016071,175468,1645308419999,2819.638308,27,35671,573.257927,0
1645308420000,0.016064,0.016065,0.016057,0.016057,165216,1645308479999,2653.777641,16,126959,2039.198851,0
1645308480000,0.016061,0.016075,0.016061,0.016067,109220,1645308539999,1754.940417,25,90481,1453.763091,0
1645308540000,0.016066,0.016078,0.016066,0.016072,123152,1645308599999,1979.507739,29,113184,1819.327645,0
1645308600000,0.016071,0.016079,0.016060,0.016063,228746,1645308659999,3676.496133,42,65225,1048.128343,0
1645308660000,0.016060,0.016060,0.016040,0.016045,105436,1645308719999,1692.289852,41,46950,753.267217,0
1645308720000,0.016043,0.016059,0.016041,0.016055,169549,1645308779999,2720.858309,37,97610,1566.783123,0
1645308780000,0.016057,0.016069,0.016057,0.016069,446859,1645308839999,7178.289514,28,395497,6353.294020,0
1645308840000,0.016069,0.016071,0.016066,0.016067,385275,1645308899999,6190.329980,47,263153,4228.081088,0
1645308900000,0.016068,0.016070,0.016068,0.016068,170046,1645308959999,2732.500617,18,55209,887.184864,0
1645308960000,0.016067,0.016067,0.016054,0.016055,69932,1645309019999,1123.114805,29,51049,819.868606,0
1645309020000,0.016055,0.016057,0.016047,0.016052,499922,1645309079999,8025.038223,38,442960,7110.529257,0
1645309080000,0.016056,0.016058,0.016052,0.016058,31184,1645309139999,500.679451,19,14673,235.580147,0
1645309140000,0.016055,0.016059,0.016037,0.016040,269234,1645309199999,4321.474461,52,68402,1098.299882,0
1645309200000,0.016038,0.016041,0.015993,0.015993,907291,1645309259999,14539.364507,93,53910,863.235992,0
1645309260000,0.015994,0.016010,0.015994,0.016006,149720,1645309319999,2395.480075,35,98704,1579.413639,0
1645309320000,0.016005,0.016013,0.016005,0.016013,1357718,1645309379999,21732.630713,48,939666,15040.495580,0
1645309380000,0.016014,0.016031,0.016014,0.016031,20508,1645309439999,328.459502,15,18104,289.934110,0
1645309440000,0.016028,0.016046,0.016028,0.016044,152944,1645309499999,2452.211547,37,98142,1573.298702,0
1645309500000,0.016043,0.016050,0.016041,0.016046,419003,1645309559999,6722.957928,28,375332,6022.263382,0
1645309560000,0.016047,0.016050,0.016046,0.016050,106288,1645309619999,1705.614312,17,105952,1700.222856,0
1645309620000,0.016055,0.016055,0.016051,0.016054,65725,1645309679999,1055.152822,14,55681,893.902774,0
1645309680000,0.016054,0.016084,0.016054,0.016084,2580869,1645309739999,41476.373666,99,1939908,31183.717721,0
1645309740000,0.016082,0.016082,0.016081,0.016081,107184,1645309799999,1723.732452,9,106548,1713.504936,0
1645309800000,0.016082,0.016082,0.016081,0.016081,40245,1645309859999,647.217757,7,37912,609.700784,0
1645309860000,0.016081,0.016087,0.016080,0.016086,862869,1645309919999,13876.206098,67,357258,5745.423156,0
1645309920000,0.016087,0.016090,0.016087,0.016089,196966,1645309979999,3169.011203,20,63105,1015.216280,0
1645309980000,0.016090,0.016090,0.016090,0.016090,148766,1645310039999,2393.644940,5,148766,2393.644940,0
1645310040000,0.016090,0.016090,0.016089,0.016089,88620,1645310099999,1425.871895,22,64715,1041.264350,0
1645310100000,0.016090,0.016111,0.016090,0.016110,190675,1645310159999,3069.911178,68,120068,1932.857450,0
1645310160000,0.016110,0.016111,0.016109,0.016111,58938,1645310219999,949.495149,6,0,0.000000,0
1645310220000,0.016112,0.016121,0.016112,0.016118,85830,1645310279999,1383.270805,43,26704,430.269188,0
1645310280000,0.016117,0.016126,0.016115,0.016126,135854,1645310339999,2189.950650,33,35663,574.841683,0
1645310340000,0.016128,0.016130,0.016121,0.016123,139176,1645310399999,2244.552505,57,84596,1364.443591,0
1645310400000,0.016122,0.016144,0.016121,0.016142,239242,1645310459999,3860.305686,55,157513,2541.966133,0
1645310460000,0.016142,0.016142,0.016132,0.016133,165638,1645310519999,2673.117287,91,5026,81.097420,0
1645310520000,0.016134,0.016160,0.016133,0.016160,447406,1645310579999,7226.224471,86,413796,6683.847266,0
1645310580000,0.016159,0.016162,0.016156,0.016157,307030,1645310639999,4961.498724,43,95620,1544.925470,0
1645310640000,0.016156,0.016206,0.016156,0.016196,666342,1645310699999,10776.481410,107,581976,9410.325824,0
1645310700000,0.016199,0.016203,0.016183,0.016199,553709,1645310759999,8966.548054,61,467258,7566.277300,0
1645310760000,0.016203,0.016209,0.016197,0.016209,190946,1645310819999,3093.642559,49,39144,634.304766,0
1645310820000,0.016208,0.016213,0.016208,0.016213,128181,1645310879999,2077.939134,29,37314,604.884667,0
1645310880000,0.016213,0.016213,0.016190,0.016190,619376,1645310939999,10032.186800,77,8269,133.927975,0
1645310940000,0.016191,0.016201,0.016188,0.016201,141349,1645310999999,2288.713284,33,33354,540.044238,0
1645311000000,0.016199,0.016208,0.016199,0.016205,64106,1645311059999,1038.826551,34,15839,256.661081,0
1645311060000,0.016206,0.016209,0.016201,0.016207,200012,1645311119999,3241.183170,51,60811,985.442255,0
1645311120000,0.016209,0.016211,0.016204,0.016211,127035,1645311179999,2059.094108,21,97753,1584.491452,0
1645311180000,0.016210,0.016221,0.016210,0.016215,748702,1645311239999,12142.365591,75,446675,7244.439777,0
1645311240000,0.016222,0.016237,0.016222,0.016233,469083,1645311299999,7613.525169,71,263626,4278.834221,0
1645311300000,0.016238,0.016242,0.016233,0.016238,363286,1645311359999,5898.702300,83,147910,2402.025851,0
1645311360000,0.016238,0.016255,0.016238,0.016255,685082,1645311419999,11131.423322,84,535507,8701.978656,0
1645311420000,0.016255,0.016260,0.016252,0.016254,246593,1645311479999,4008.473377,56,44436,722.467023,0
1645311480000,0.016252,0.016258,0.016240,0.016240,492054,1645311539999,7996.359424,64,102353,1663.543309,0
1645311540000,0.016239,0.016241,0.016207,0.016207,253766,1645311599999,4118.758798,53,118667,1926.057452,0
1645311600000,0.016210,0.016231,0.016206,0.016219,1742718,1645311659999,28256.332088,71,1446812,23455.822047,0
1645311660000,0.016219,0.016241,0.016219,0.016238,725012,1645311719999,11767.839859,91,393523,6386.737060,0
1645311720000,0.016238,0.016239,0.016224,0.016232,1000219,1645311779999,16235.267257,82,181530,2947.037062,0
1645311780000,0.016232,0.016240,0.016221,0.016225,662464,1645311839999,10750.793200,77,230829,3746.216911,0
1645311840000,0.016225,0.016227,0.016213,0.016227,416767,1645311899999,6759.417192,53,116900,1896.416601,0
1645311900000,0.016227,0.016242,0.016225,0.016236,389773,1645311959999,6326.738712,80,278570,4521.778841,0
1645311960000,0.016244,0.016249,0.016239,0.016246,369410,1645312019999,6000.416147,67,123056,1998.842766,0
1645312020000,0.016244,0.016244,0.016236,0.016240,240605,1645312079999,3907.414451,44,91074,1479.033404,0
1645312080000,0.016240,0.016246,0.016240,0.016246,46674,1645312139999,758.158575,12,42070,683.361991,0
1645312140000,0.016245,0.016250,0.016244,0.016249,115427,1645312199999,1875.574655,49,42911,697.233854,0
1645312200000,0.016250,0.016262,0.016250,0.016254,214802,1645312259999,3491.857198,50,160881,2615.266013,0
1645312260000,0.016254,0.016260,0.016224,0.016259,3018804,1645312319999,49033.134635,121,863456,14032.283635,0
1645312320000,0.016262,0.016285,0.016262,0.016271,523852,1645312379999,8524.363836,59,476261,7749.679804,0
1645312380000,0.016273,0.016274,0.016262,0.016274,867694,1645312439999,14116.137118,55,459241,7470.413054,0
1645312440000,0.016273,0.016289,0.016271,0.016289,43144,1645312499999,702.420598,49,16557,269.607060,0
1645312500000,0.016289,0.016292,0.016271,0.016273,229762,1645312559999,3741.235143,47,110507,1799.285909,0
1645312560000,0.016280,0.016285,0.016260,0.016274,1029999,1645312619999,16757.103561,63,398369,6480.566018,0
1645312620000,0.016279,0.016280,0.016271,0.016277,95509,1645312679999,1554.409526,22,48269,785.520555,0
1645312680000,0.016282,0.016288,0.016281,0.016282,101566,1645312739999,1654.084374,15,61577,1002.885502,0
1645312740000,0.016291,0.016292,0.016283,0.016292,215977,1645312799999,3517.891096,30,143770,2341.639778,0
1645312800000,0.016296,0.016314,0.016277,0.016297,4185281,1645312859999,68202.388664,199,1913362,31184.567201,0
1645312860000,0.016300,0.016327,0.016300,0.016325,1004218,1645312919999,16384.959340,72,737761,12036.716970,0
1645312920000,0.016326,0.016338,0.016312,0.016336,1241310,1645312979999,20263.323778,87,574495,9380.867681,0
1645312980000,0.016335,0.016359,0.016335,0.016356,688995,1645313039999,11261.307546,70,555724,9083.028562,0
1645313040000,0.016356,0.016360,0.016343,0.016343,1342900,1645313099999,21959.325310,71,677982,11087.326797,0
1645313100000,0.016339,0.016339,0.016324,0.016327,1204070,1645313159999,19660.886926,66,884827,14447.959404,0
1645313160000,0.016329,0.016363,0.016327,0.016362,303045,1645313219999,4950.230080,47,282322,4611.545188,0
1645313220000,0.016360,0.016375,0.016360,0.016361,1125360,1645313279999,18419.195757,75,729522,11940.743281,0
1645313280000,0.016355,0.016355,0.016324,0.016348,3232375,1645313339999,52790.550988,112,2435070,39762.258162,0
1645313340000,0.016348,0.016357,0.016342,0.016352,442070,1645313399999,7228.396487,51,196865,3219.186296,0
1645313400000,0.016357,0.016359,0.016347,0.016348,367012,1645313459999,6002.221556,53,144706,2366.539774,0
1645313460000,0.016346,0.016348,0.016307,0.016312,2880348,1645313519999,47022.566379,115,385256,6293.015795,0
1645313520000,0.016313,0.016339,0.016310,0.016335,1028290,1645313579999,16780.554886,86,753177,12292.059642,0
1645313580000,0.016328,0.016367,0.016328,0.016336,2572775,1645313639999,42061.369188,99,1350581,22079.867853,0
1645313640000,0.016338,0.016347,0.016326,0.016338,748602,1645313699999,12230.835736,47,530235,8664.418508,0
1645313700000,0.016331,0.016331,0.016306,0.016310,1070975,1645313759999,17476.091818,75,390562,6374.643486,0
1645313760000,0.016314,0.016328,0.016309,0.016311,866053,1645313819999,14132.929018,65,342841,5594.384457,0
1645313820000,0.016310,0.016311,0.016280,0.016289,1468362,1645313879999,23922.653011,101,287712,4689.176772,0
1645313880000,0.016284,0.016297,0.016283,0.016293,381233,1645313939999,6210.411070,37,296414,4828.400974,0
1645313940000,0.016292,0.016292,0.016270,0.016271,992879,1645313999999,16160.897885,65,220343,3586.671150,0
1645314000000,0.016275,0.016328,0.016275,0.016316,4038917,1645314059999,65847.765860,129,3855103,62853.389391,0
1645314060000,0.016315,0.016319,0.016299,0.016319,939679,1645314119999,15325.424556,60,311456,5077.919669,0
1645314120000,0.016322,0.016339,0.016322,0.016339,539284,1645314179999,8807.038197,45,411320,6717.565257,0
1645314180000,0.016340,0.016355,0.016340,0.016349,2086098,1645314239999,34110.411741,65,236426,3864.714342,0
1645314240000,0.016344,0.016347,0.016338,0.016339,264300,1645314299999,4318.674988,24,186951,3054.603710,0
1645314300000,0.016339,0.016348,0.016339,0.016342,588075,1645314359999,9609.739435,40,240933,3936.900077,0
1645314360000,0.016345,0.016387,0.016342,0.016373,860408,1645314419999,14083.362442,80,438070,7170.571432,0
1645314420000,0.016367,0.016367,0.016348,0.016348,253976,1645314479999,4153.885278,33,1952,31.913248,0
1645314480000,0.016343,0.016343,0.016305,0.016308,457486,1645314539999,7465.134244,47,88178,1438.943253,0
1645314540000,0.016304,0.016340,0.016304,0.016331,597215,1645314599999,9744.883492,59,423200,6904.341915,0
1645314600000,0.016331,0.016365,0.016329,0.016355,669461,1645314659999,10939.324805,49,642951,10505.734773,0
1645314660000,0.016356,0.016377,0.016350,0.016377,349917,1645314719999,5725.354380,43,173824,2845.215867,0
1645314720000,0.016382,0.016397,0.016375,0.016386,396433,1645314779999,6496.469406,44,253131,4148.636165,0
1645314780000,0.016379,0.016385,0.016376,0.016384,341716,1645314839999,5597.409815,32,110481,1810.078421,0
1645314840000,0.016378,0.016384,0.016369,0.016369,229449,1645314899999,3757.946122,43,98102,1606.792430,0
1645314900000,0.016370,0.016376,0.016355,0.016360,261394,1645314959999,4278.008042,37,152448,2494.774503,0
1645314960000,0.016356,0.016360,0.016346,0.016349,282134,1645315019999,4614.457960,27,99075,1620.708829,0
1645315020000,0.016347,0.016347,0.016330,0.016337,272954,1645315079999,4459.312877,44,212951,3478.805356,0
1645315080000,0.016335,0.016340,0.016335,0.016340,150256,1645315139999,2454.819924,27,67738,1106.640296,0
1645315140000,0.016340,0.016350,0.016339,0.016346,953378,1645315199999,15581.009600,55,504704,8247.435618,0
