1646524800000,1.50750,1.50770,1.50530,1.50680,165815,1646524859999,249803.55230,380,62854,94694.55190,0
1646524860000,1.50670,1.50710,1.50420,1.50440,56426,1646524919999,84979.83650,214,35479,53442.08240,0
1646524920000,1.50440,1.50810,1.50440,1.50740,180924,1646524979999,272681.58490,369,147813,222779.35610,0
1646524980000,1.50740,1.50900,1.50710,1.50720,76856,1646525039999,115924.48010,237,66291,99992.04530,0
1646525040000,1.50720,1.50950,1.50690,1.50910,142052,1646525099999,214244.40720,341,121044,182567.83390,0
1646525100000,1.50920,1.50990,1.50890,1.50910,42125,1646525159999,63586.14180,219,21148,31923.95860,0
1646525160000,1.50900,1.50940,1.50850,1.50880,47399,1646525219999,71524.38880,210,21177,31957.39420,0
1646525220000,1.50890,1.50970,1.50810,1.50870,67585,1646525279999,101991.41900,198,48812,73665.44300,0
1646525280000,1.50870,1.50960,1.50860,1.50950,52916,1646525339999,79852.48090,196,9832,14837.78820,0
1646525340000,1.50950,1.50950,1.50860,1.50900,20363,1646525399999,30728.07150,130,12927,19507.37410,0
1646525400000,1.50910,1.50980,1.50900,1.50970,21795,1646525459999,32901.30320,114,7276,10984.95400,0
1646525460000,1.50960,1.51090,1.50960,1.51060,45801,1646525519999,69175.24330,189,28879,43617.14920,0
1646525520000,1.51070,1.51100,1.51030,1.51090,20212,1646525579999,30534.24540,127,7106,10736.37840,0
1646525580000,1.51080,1.51220,1.51010,1.51180,59272,1646525639999,89549.72080,220,39989,60423.59610,0
1646525640000,1.51200,1.51270,1.51010,1.51200,104331,1646525699999,157694.89380,275,58903,89047.21220,0
1646525700000,1.51190,1.51200,1.51070,1.51130,57640,1646525759999,87117.66350,461,27032,40862.88300,0
1646525760000,1.51130,1.51200,1.51040,1.51040,25003,1646525819999,37787.40360,189,13497,20400.69290,0
1646525820000,1.51040,1.51190,1.50970,1.51160,95701,1646525879999,144534.88530,228,51403,77639.12980,0
1646525880000,1.51160,1.51180,1.51040,1.51110,40574,1646525939999,61313.16940,142,10263,15507.46650,0
1646525940000,1.51110,1.51130,1.51080,1.51100,5024,1646525999999,7591.82100,131,2326,3514.90960,0
1646526000000,1.51110,1.51190,1.51110,1.51160,31997,1646526059999,48368.74400,153,24546,37106.71330,0
1646526060000,1.51160,1.51170,1.51070,1.51090,17788,1646526119999,26878.74910,181,5273,7968.64560,0
1646526120000,1.51090,1.51290,1.51040,1.51230,58380,1646526179999,88265.12510,250,37949,57382.88730,0
1646526180000,1.51240,1.51250,1.51040,1.51050,92816,1646526239999,140268.79980,214,12172,18390.26050,0
1646526240000,1.51060,1.51200,1.51050,1.51200,21167,1646526299999,31993.11080,144,18278,27626.04850,0
1646526300000,1.51190,1.51200,1.51150,1.51160,15306,1646526359999,23138.42590,110,5157,7796.12630,0
1646526360000,1.51160,1.51170,1.50920,1.50950,62678,1646526419999,94657.74750,202,6049,9133.31670,0
1646526420000,1.50950,1.50970,1.50820,1.50880,43576,1646526479999,65744.63980,181,13794,20814.24190,0
1646526480000,1.50880,1.50950,1.50840,1.50840,51584,1646526539999,77835.87640,181,17389,26241.12070,0
1646526540000,1.50850,1.50920,1.50850,1.50900,25760,1646526599999,38870.66940,133,23214,35029.49020,0
1646526600000,1.50910,1.50930,1.50880,1.50900,12193,1646526659999,18400.56800,146,8211,12391.86090,0
1646526660000,1.50890,1.50930,1.50870,1.50910,14043,1646526719999,21192.13690,122,6229,9400.67190,0
1646526720000,1.50910,1.51090,1.50910,1.51080,39605,1646526779999,59802.85280,180,32407,48931.45660,0
1646526780000,1.51060,1.51100,1.51000,1.51100,12547,1646526839999,18949.51660,110,3535,5340.34360,0
1646526840000,1.51120,1.51330,1.51120,1.51200,47318,1646526899999,71564.81270,205,29256,44247.67960,0
1646526900000,1.51200,1.51260,1.51160,1.51260,29246,1646526959999,44220.53430,143,18050,27295.06820,0
1646526960000,1.51250,1.51250,1.51190,1.51220,18350,1646527019999,27746.44710,123,5426,8205.05730,0
1646527020000,1.51220,1.51400,1.51220,1.51400,51281,1646527079999,77608.90790,181,37913,57381.56820,0
1646527080000,1.51410,1.51450,1.51350,1.51430,51828,1646527139999,78474.74300,244,28368,42955.23500,0
1646527140000,1.51430,1.51700,1.51420,1.51690,285170,1646527199999,432369.70080,752,223059,338194.71740,0
1646527200000,1.51690,1.51690,1.51490,1.51490,70770,1646527259999,107300.72720,276,26737,40540.29280,0
1646527260000,1.51500,1.51540,1.51380,1.51480,36300,1646527319999,54980.80690,230,23278,35258.39630,0
1646527320000,1.51480,1.51560,1.51360,1.51440,29885,1646527379999,45268.21520,205,15191,23010.85750,0
1646527380000,1.51430,1.51460,1.51380,1.51410,45238,1646527439999,68496.13190,135,26318,39847.75340,0
1646527440000,1.51410,1.51530,1.51350,1.51490,51133,1646527499999,77436.63690,205,36319,55005.34580,0
1646527500000,1.51520,1.51570,1.51470,1.51490,48142,1646527559999,72951.17030,195,35914,54425.40530,0
1646527560000,1.51490,1.51490,1.51150,1.51170,87526,1646527619999,132459.52690,257,15486,23418.54150,0
1646527620000,1.51160,1.51230,1.51150,1.51230,17526,1646527679999,26496.45470,150,12104,18299.90740,0
1646527680000,1.51210,1.51320,1.51210,1.51290,22722,1646527739999,34370.49920,137,16983,25689.51550,0
1646527740000,1.51290,1.51470,1.51290,1.51450,155445,1646527799999,235340.11610,305,88621,134182.86630,0
1646527800000,1.51470,1.51470,1.51360,1.51390,80261,1646527859999,121520.58330,143,11931,18063.56430,0
1646527860000,1.51390,1.51550,1.51390,1.51480,103892,1646527919999,157363.59300,263,65385,99041.85680,0
1646527920000,1.51470,1.51540,1.51470,1.51520,19733,1646527979999,29896.18060,155,13008,19708.16970,0
1646527980000,1.51520,1.51530,1.51460,1.51470,49441,1646528039999,74902.64000,147,10352,15684.74610,0
1646528040000,1.51460,1.51530,1.51460,1.51490,16127,1646528099999,24432.25810,144,12141,18394.14780,0
1646528100000,1.51480,1.51510,1.51430,1.51450,31380,1646528159999,47529.70220,161,19587,29667.28120,0
1646528160000,1.51450,1.51530,1.51430,1.51530,38966,1646528219999,59033.95170,159,19487,29523.48660,0
1646528220000,1.51520,1.51550,1.51510,1.51530,15640,1646528279999,23698.73440,145,8037,12178.95670,0
1646528280000,1.51540,1.51540,1.51450,1.51490,52144,1646528339999,78990.87450,193,4335,6567.69890,0
1646528340000,1.51480,1.51860,1.51470,1.51650,246589,1646528399999,374138.82430,643,161893,245641.78650,0
1646528400000,1.51650,1.51830,1.51560,1.51610,114066,1646528459999,173024.52140,388,57054,86545.40490,0
1646528460000,1.51620,1.51620,1.51400,1.51490,75635,1646528519999,114578.35480,309,22343,33850.22970,0
1646528520000,1.51490,1.51550,1.51440,1.51490,46388,1646528579999,70282.31090,221,20469,31016.10720,0
1646528580000,1.51500,1.51660,1.51500,1.51620,22269,1646528639999,33748.65380,186,12505,18952.83010,0
1646528640000,1.51620,1.51720,1.51610,1.51640,40811,1646528699999,61902.83570,227,19901,30188.74130,0
1646528700000,1.51640,1.51770,1.51640,1.51710,73330,1646528759999,111252.96310,216,67956,103099.91080,0
1646528760000,1.51710,1.51710,1.51550,1.51550,39575,1646528819999,60001.33480,197,8477,12853.32500,0
1646528820000,1.51550,1.51600,1.51390,1.51560,98360,1646528879999,148977.77600,290,47509,71965.39560,0
1646528880000,1.51570,1.51690,1.51510,1.51600,73070,1646528939999,110786.37950,208,30748,46627.09380,0
1646528940000,1.51600,1.51660,1.51550,1.51610,37764,1646528999999,57254.63280,160,16379,24834.50540,0
1646529000000,1.51600,1.51630,1.51540,1.51540,10537,1646529059999,15972.56670,116,3624,5493.78650,0
1646529060000,1.51550,1.51570,1.51410,1.51450,54068,1646529119999,81902.90940,190,5218,7906.13060,0
1646529120000,1.51430,1.51430,1.51250,1.51320,105180,1646529179999,159149.00540,288,42039,63616.71490,0
1646529180000,1.51310,1.51350,1.51300,1.51300,15036,1646529239999,22752.38850,125,5271,7976.63360,0
1646529240000,1.51300,1.51320,1.51260,1.51300,13832,1646529299999,20926.40620,138,3698,5594.83120,0
1646529300000,1.51300,1.51350,1.51270,1.51310,31282,1646529359999,47333.53250,207,21665,32782.38050,0
1646529360000,1.51310,1.51410,1.51290,1.51360,57442,1646529419999,86936.90300,251,37927,57402.21530,0
1646529420000,1.51350,1.51400,1.51310,1.51380,17323,1646529479999,26217.68110,153,13887,21017.81280,0
1646529480000,1.51390,1.51440,1.51280,1.51340,36857,1646529539999,55785.72760,199,18035,27299.86730,0
1646529540000,1.51340,1.51390,1.51310,1.51320,21432,1646529599999,32440.25790,146,16704,25285.02030,0
1646529600000,1.51340,1.51350,1.51290,1.51340,18200,1646529659999,27541.79310,142,12383,18739.71280,0
1646529660000,1.51350,1.51350,1.51310,1.51310,15340,1646529719999,23214.13180,139,12978,19639.75030,0
1646529720000,1.51310,1.51340,1.51270,1.51300,26319,1646529779999,39821.01080,137,11333,17146.71440,0
1646529780000,1.51310,1.51320,1.51290,1.51320,13005,1646529839999,19677.50360,113,7137,10799.07670,0
1646529840000,1.51320,1.51400,1.51300,1.51400,29243,1646529899999,44260.44310,152,27332,41367.72530,0
1646529900000,1.51390,1.51420,1.51260,1.51260,38098,1646529959999,57656.90990,167,6727,10180.78120,0
1646529960000,1.51260,1.51480,1.51260,1.51480,63822,1646530019999,96613.53550,224,51698,78264.91560,0
1646530020000,1.51480,1.51540,1.51410,1.51430,82826,1646530079999,125470.12670,160,16582,25118.44120,0
1646530080000,1.51440,1.51580,1.51420,1.51480,52164,1646530139999,79022.05270,177,18847,28554.01260,0
1646530140000,1.51470,1.51480,1.51390,1.51450,53509,1646530199999,81042.35600,134,7837,11867.34910,0
1646530200000,1.51450,1.51450,1.51090,1.51110,89608,1646530259999,135458.64710,269,8019,12126.06950,0
1646530260000,1.51100,1.51140,1.50890,1.50890,169536,1646530319999,255999.09280,428,37093,56023.57920,0
1646530320000,1.50920,1.50990,1.50870,1.50920,64071,1646530379999,96695.71560,215,25625,38680.13970,0
1646530380000,1.50920,1.50940,1.50810,1.50820,74325,1646530439999,112131.85480,299,40212,60672.04170,0
1646530440000,1.50820,1.50870,1.50600,1.50860,162394,1646530499999,244790.60140,454,88084,132760.32570,0
1646530500000,1.50850,1.50890,1.50640,1.50680,87616,1646530559999,132075.90500,232,29187,44001.02180,0
1646530560000,1.50650,1.50670,1.50550,1.50550,74914,1646530619999,112820.52420,255,26150,39384.49770,0
1646530620000,1.50550,1.50680,1.50550,1.50600,199541,1646530679999,300553.50370,294,164910,248395.32450,0
1646530680000,1.50590,1.50630,1.50480,1.50560,71516,1646530739999,107668.27910,207,25921,39028.82110,0
1646530740000,1.50550,1.50600,1.50490,1.50550,45171,1646530799999,68003.13860,192,29804,44871.00710,0
1646530800000,1.50550,1.50560,1.50390,1.50390,61666,1646530859999,92807.09240,261,20584,30986.08470,0
1646530860000,1.50410,1.50450,1.50300,1.50420,47285,1646530919999,71101.17670,228,16949,25486.82410,0
1646530920000,1.50430,1.50430,1.50330,1.50390,16152,1646530979999,24291.29100,124,5400,8120.81830,0
1646530980000,1.50370,1.50420,1.50340,1.50380,32567,1646531039999,48975.97940,100,22141,33298.17620,0
1646531040000,1.50380,1.50680,1.50370,1.50570,98167,1646531099999,147799.05080,253,82821,124694.87280,0
1646531100000,1.50590,1.50600,1.50380,1.50380,22416,1646531159999,33739.72160,127,7366,11089.50210,0
1646531160000,1.50370,1.50480,1.50370,1.50470,30969,1646531219999,46580.62460,140,16064,24163.15220,0
1646531220000,1.50470,1.50540,1.50460,1.50510,10349,1646531279999,15575.82300,107,9201,13848.21470,0
1646531280000,1.50520,1.50560,1.50480,1.50480,12103,1646531339999,18218.54580,82,6099,9182.08480,0
1646531340000,1.50490,1.50590,1.50480,1.50540,17338,1646531399999,26099.12750,80,13905,20931.94810,0
1646531400000,1.50540,1.50590,1.50540,1.50570,13357,1646531459999,20113.29170,83,7382,11116.21320,0
1646531460000,1.50560,1.50580,1.50420,1.50470,46424,1646531519999,69858.38610,165,9340,14052.57340,0
1646531520000,1.50480,1.50480,1.50330,1.50430,32184,1646531579999,48401.73880,168,7763,11677.05350,0
1646531580000,1.50400,1.50400,1.50330,1.50360,36188,1646531639999,54415.95810,147,5623,8456.08530,0
1646531640000,1.50360,1.50490,1.50320,1.50490,31424,1646531699999,47263.24780,177,22517,33866.63920,0
1646531700000,1.50450,1.50540,1.50410,1.50440,59321,1646531759999,89259.26800,169,7184,10812.09920,0
1646531760000,1.50440,1.50440,1.50340,1.50350,10562,1646531819999,15881.88430,127,5980,8992.25120,0
1646531820000,1.50370,1.50490,1.50360,1.50490,36711,1646531879999,55216.55280,123,32188,48414.63390,0
1646531880000,1.50490,1.50490,1.50430,1.50430,9163,1646531939999,13787.97850,62,5416,8150.26800,0
1646531940000,1.50410,1.50480,1.50400,1.50420,25998,1646531999999,39105.88520,113,15563,23409.13960,0
1646532000000,1.50420,1.50440,1.50200,1.50210,91747,1646532059999,137896.48300,355,22950,34496.03720,0
1646532060000,1.50210,1.50260,1.50170,1.50230,55060,1646532119999,82702.96710,202,27269,40962.82840,0
1646532120000,1.50220,1.50250,1.49850,1.50040,274007,1646532179999,411043.53040,686,67411,101153.27900,0
1646532180000,1.49980,1.50100,1.49800,1.49810,107964,1646532239999,161914.25320,357,60311,90474.92640,0
1646532240000,1.49810,1.50070,1.49810,1.49910,93028,1646532299999,139492.42400,304,50684,75998.82400,0
1646532300000,1.49900,1.50090,1.49900,1.50080,52101,1646532359999,78165.25810,234,36687,55041.27660,0
1646532360000,1.50080,1.50280,1.50080,1.50270,104017,1646532419999,156235.93430,341,66769,100286.43750,0
1646532420000,1.50270,1.50280,1.50190,1.50190,39607,1646532479999,59497.76990,140,4370,6565.35080,0
1646532480000,1.50190,1.50250,1.50100,1.50180,31479,1646532539999,47279.47640,138,20314,30510.14530,0
1646532540000,1.50180,1.50280,1.50130,1.50150,36085,1646532599999,54197.77270,155,15687,23561.17170,0
1646532600000,1.50140,1.50200,1.50110,1.50200,29028,1646532659999,43584.00240,107,6993,10501.99540,0
1646532660000,1.50190,1.50290,1.50190,1.50250,22700,1646532719999,34102.50160,114,14106,21189.76760,0
1646532720000,1.50270,1.50380,1.50270,1.50330,47881,1646532779999,71970.77440,159,17511,26325.41490,0
1646532780000,1.50350,1.50400,1.50310,1.50390,25212,1646532839999,37913.70260,111,20506,30838.27970,0
1646532840000,1.50390,1.50620,1.50380,1.50530,137839,1646532899999,207488.07580,264,92467,139201.63980,0
1646532900000,1.50520,1.50570,1.50360,1.50570,52737,1646532959999,79356.68650,194,41890,63037.33110,0
1646532960000,1.50550,1.50620,1.50520,1.50550,69990,1646533019999,105378.14900,137,26014,39172.38630,0
1646533020000,1.50550,1.50590,1.50540,1.50570,26813,1646533079999,40369.25880,89,24371,36692.51830,0
1646533080000,1.50570,1.50650,1.50570,1.50650,64610,1646533139999,97308.73820,130,40874,61557.98300,0
1646533140000,1.50650,1.50800,1.50650,1.50720,36093,1646533199999,54399.83920,188,25530,38479.25750,0
1646533200000,1.50740,1.50800,1.50500,1.50590,63918,1646533259999,96289.37570,205,10127,15258.18140,0
1646533260000,1.50630,1.50640,1.50500,1.50560,62885,1646533319999,94690.30770,166,19859,29903.07020,0
1646533320000,1.50560,1.50560,1.50500,1.50510,5013,1646533379999,7545.72750,66,2914,4386.43300,0
1646533380000,1.50510,1.50680,1.50250,1.50280,368411,1646533439999,554170.85420,629,76628,115243.59530,0
1646533440000,1.50280,1.50400,1.50270,1.50330,35523,1646533499999,53406.09440,134,23384,35157.76310,0
1646533500000,1.50320,1.50430,1.50030,1.50110,137545,1646533559999,206593.63300,420,30625,46022.79010,0
1646533560000,1.50110,1.50240,1.50060,1.50170,51135,1646533619999,76764.87230,172,19162,28772.83190,0
1646533620000,1.50170,1.50410,1.50170,1.50350,35903,1646533679999,53962.58780,175,17776,26717.74320,0
1646533680000,1.50350,1.50460,1.50340,1.50460,9501,1646533739999,14290.33060,99,5205,7829.51760,0
1646533740000,1.50460,1.50620,1.50390,1.50600,46836,1646533799999,70497.21480,148,12522,18852.48970,0
1646533800000,1.50600,1.50630,1.50370,1.50500,34577,1646533859999,52035.64780,158,27145,40852.66270,0
1646533860000,1.50530,1.50530,1.50430,1.50490,36056,1646533919999,54251.83310,128,13218,19891.29340,0
1646533920000,1.50490,1.50610,1.50440,1.50570,13039,1646533979999,19632.70720,96,8896,13394.61160,0
1646533980000,1.50570,1.50630,1.50500,1.50610,12610,1646534039999,18990.38400,82,9261,13948.00910,0
1646534040000,1.50610,1.50630,1.50460,1.50490,37944,1646534099999,57126.32960,140,11366,17114.67660,0
1646534100000,1.50480,1.50520,1.50420,1.50510,16825,1646534159999,25318.60340,107,7981,12011.32730,0
1646534160000,1.50490,1.50580,1.50480,1.50580,15973,1646534219999,24042.73330,89,11730,17657.20120,0
1646534220000,1.50640,1.50650,1.50520,1.50630,12214,1646534279999,18389.67920,103,4711,7093.26270,0
1646534280000,1.50590,1.50590,1.50470,1.50470,24797,1646534339999,37330.93320,87,1701,2561.01050,0
1646534340000,1.50470,1.50500,1.50260,1.50320,34136,1646534399999,51320.02210,149,19116,28732.03640,0
1646534400000,1.50310,1.50310,1.50250,1.50270,8276,1646534459999,12435.93300,100,2045,3073.01250,0
1646534460000,1.50300,1.50310,1.50230,1.50260,32039,1646534519999,48151.12300,124,14817,22267.82580,0
1646534520000,1.50290,1.50410,1.50260,1.50390,26784,1646534579999,40270.56710,120,11471,17244.44510,0
1646534580000,1.50400,1.50480,1.50370,1.50460,25231,1646534639999,37956.90390,104,13195,19848.72260,0
1646534640000,1.50450,1.50590,1.50350,1.50390,17148,1646534699999,25797.99020,127,5126,7712.00690,0
1646534700000,1.50390,1.50390,1.50310,1.50360,14507,1646534759999,21808.25190,69,7505,11282.34300,0
1646534760000,1.50370,1.50430,1.50330,1.50390,14154,1646534819999,21284.42860,101,10293,15478.06840,0
1646534820000,1.50410,1.50450,1.50350,1.50380,19435,1646534879999,29231.11040,90,12132,18249.84430,0
1646534880000,1.50380,1.50420,1.50360,1.50370,13228,1646534939999,19892.84630,74,5129,7714.34980,0
1646534940000,1.50380,1.50410,1.50320,1.50320,9708,1646534999999,14597.78290,69,1737,2612.20640,0
1646535000000,1.50330,1.50360,1.50140,1.50180,42227,1646535059999,63433.53580,168,15848,23803.94670,0
1646535060000,1.50190,1.50230,1.50160,1.50210,30780,1646535119999,46228.41800,121,10669,16024.27900,0
1646535120000,1.50210,1.50230,1.50160,1.50210,17626,1646535179999,26471.68770,105,5718,8588.03650,0
1646535180000,1.50200,1.50230,1.50090,1.50160,27518,1646535239999,41321.44840,132,9149,13740.15190,0
1646535240000,1.50130,1.50170,1.50080,1.50080,27274,1646535299999,40944.54190,137,9170,13766.06580,0
1646535300000,1.50080,1.50120,1.50070,1.50080,8656,1646535359999,12992.04840,91,5109,7668.44950,0
1646535360000,1.50080,1.50280,1.50070,1.50240,24045,1646535419999,36105.52750,143,16375,24592.20770,0
1646535420000,1.50240,1.50280,1.50220,1.50280,10588,1646535479999,15907.26120,83,3325,4995.83780,0
1646535480000,1.50270,1.50370,1.50180,1.50330,39246,1646535539999,58977.19000,128,12080,18156.48060,0
1646535540000,1.50330,1.50380,1.50300,1.50300,16968,1646535599999,25508.28050,75,7683,11550.65300,0
1646535600000,1.50290,1.50360,1.50240,1.50300,42506,1646535659999,63885.83960,187,27740,41691.31350,0
1646535660000,1.50330,1.50330,1.50220,1.50260,31553,1646535719999,47417.68010,134,9256,13910.70410,0
1646535720000,1.50250,1.50320,1.50220,1.50290,107664,1646535779999,161771.98910,189,87539,131531.71810,0
1646535780000,1.50290,1.50400,1.50230,1.50380,12691,1646535839999,19079.40910,103,11285,16965.51320,0
1646535840000,1.50380,1.50490,1.50380,1.50420,39536,1646535899999,59477.79290,111,26075,39226.61310,0
1646535900000,1.50410,1.50420,1.50340,1.50420,24309,1646535959999,36556.09600,115,8894,13374.59020,0
1646535960000,1.50410,1.50420,1.50350,1.50400,25236,1646536019999,37951.00720,127,11349,17068.02210,0
1646536020000,1.50410,1.50420,1.50360,1.50410,11682,1646536079999,17568.63460,80,3577,5380.12880,0
1646536080000,1.50400,1.50400,1.50280,1.50340,54230,1646536139999,81533.81200,128,24318,36559.71850,0
1646536140000,1.50330,1.50330,1.50260,1.50290,15508,1646536199999,23305.52790,109,5313,7984.93380,0
1646536200000,1.50290,1.50400,1.50290,1.50310,28327,1646536259999,42589.10440,122,14549,21874.00320,0
1646536260000,1.50330,1.50420,1.50330,1.50400,44323,1646536319999,66657.34250,134,37830,56892.98650,0
1646536320000,1.50400,1.50420,1.50380,1.50410,11514,1646536379999,17317.15200,89,5537,8328.06670,0
1646536380000,1.50410,1.50460,1.50260,1.50300,45610,1646536439999,68597.80510,143,13846,20824.01820,0
1646536440000,1.50310,1.50320,1.50030,1.50100,65337,1646536499999,98099.33520,186,23412,35159.22080,0
1646536500000,1.50100,1.50150,1.50060,1.50100,31019,1646536559999,46562.50620,130,14518,21792.67750,0
1646536560000,1.50100,1.50100,1.49870,1.50040,124481,1646536619999,186681.49280,310,40812,61218.77000,0
1646536620000,1.50020,1.50080,1.50010,1.50070,21641,1646536679999,32471.43230,114,9887,14835.62260,0
1646536680000,1.50060,1.50060,1.49910,1.49970,32496,1646536739999,48737.07420,139,11379,17068.68680,0
1646536740000,1.49970,1.49980,1.49880,1.49880,29748,1646536799999,44599.62700,98,15288,22919.06980,0
1646536800000,1.49860,1.49940,1.49850,1.49910,29660,1646536859999,44464.65550,131,10186,15269.63240,0
1646536860000,1.49910,1.49910,1.49700,1.49760,97655,1646536919999,146271.94970,294,44633,66846.74990,0
1646536920000,1.49750,1.49770,1.49650,1.49760,71821,1646536979999,107514.63390,185,22062,33025.22590,0
1646536980000,1.49770,1.49780,1.49620,1.49690,91055,1646537039999,136302.86900,187,11972,17926.97370,0
1646537040000,1.49690,1.49690,1.49480,1.49530,91519,1646537099999,136886.83280,294,22152,33134.17530,0
1646537100000,1.49530,1.49710,1.49520,1.49690,34379,1646537159999,51440.28410,174,26136,39111.81170,0
1646537160000,1.49700,1.49780,1.49690,1.49740,33751,1646537219999,50533.66250,152,19944,29863.01180,0
1646537220000,1.49750,1.49810,1.49590,1.49760,117821,1646537279999,176397.95310,273,62849,94102.43230,0
1646537280000,1.49750,1.49800,1.49700,1.49740,12875,1646537339999,19282.39900,88,3274,4903.24210,0
1646537340000,1.49760,1.49760,1.49680,1.49680,16337,1646537399999,24460.00950,84,2374,3554.12900,0
1646537400000,1.49690,1.49750,1.49690,1.49710,13099,1646537459999,19611.54050,90,4735,7089.68240,0
1646537460000,1.49710,1.49920,1.49710,1.49880,62996,1646537519999,94387.75060,203,48619,72841.60260,0
1646537520000,1.49890,1.49890,1.49720,1.49840,150658,1646537579999,225732.37820,232,76136,114059.37050,0
1646537580000,1.49830,1.49870,1.49810,1.49850,14061,1646537639999,21069.50510,60,6763,10134.24430,0
1646537640000,1.49850,1.49850,1.49570,1.49630,39033,1646537699999,58445.24500,159,5847,8749.39410,0
1646537700000,1.49630,1.49650,1.48950,1.48980,398015,1646537759999,594111.83830,981,115417,172287.92800,0
1646537760000,1.48980,1.49170,1.48730,1.49140,288551,1646537819999,429672.47540,818,125049,186248.49340,0
1646537820000,1.49120,1.49180,1.48890,1.49020,245930,1646537879999,366434.19600,516,110017,163956.27450,0
1646537880000,1.49030,1.49050,1.48760,1.48880,49297,1646537939999,73402.64980,304,18916,28174.48290,0
1646537940000,1.48870,1.48980,1.48650,1.48740,163347,1646537999999,243067.28420,437,49138,73162.42640,0
1646538000000,1.48710,1.48810,1.48470,1.48590,341150,1646538059999,507145.26760,790,142617,212021.33780,0
1646538060000,1.48600,1.48750,1.48580,1.48720,69563,1646538119999,103415.51220,320,22474,33408.44690,0
1646538120000,1.48700,1.48870,1.48620,1.48870,93492,1646538179999,139100.74470,299,56905,84676.41580,0
1646538180000,1.48850,1.49000,1.48680,1.48680,131160,1646538239999,195267.46610,285,104311,155316.99130,0
1646538240000,1.48670,1.48910,1.48660,1.48880,44256,1646538299999,65850.61190,223,35522,52854.36610,0
1646538300000,1.48860,1.48900,1.48760,1.48890,38238,1646538359999,56907.97670,207,20857,31038.99470,0
1646538360000,1.48820,1.48900,1.48790,1.48820,23119,1646538419999,34407.06620,135,4589,6830.94480,0
1646538420000,1.48820,1.48920,1.48810,1.48920,25819,1646538479999,38437.25970,147,15176,22593.58970,0
1646538480000,1.48910,1.49260,1.48910,1.49170,121017,1646538539999,180431.57020,278,61718,92001.42400,0
1646538540000,1.49150,1.49240,1.49130,1.49230,28865,1646538599999,43057.98320,154,11098,16555.51790,0
1646538600000,1.49200,1.49260,1.49150,1.49220,18747,1646538659999,27970.75940,150,9666,14421.78000,0
1646538660000,1.49210,1.49230,1.49180,1.49180,9813,1646538719999,14641.14310,105,4110,6132.70790,0
1646538720000,1.49190,1.49300,1.49100,1.49230,76375,1646538779999,113925.86460,244,39849,59441.17860,0
1646538780000,1.49250,1.49280,1.49220,1.49270,5998,1646538839999,8952.13480,105,2433,3631.50110,0
1646538840000,1.49240,1.49240,1.49090,1.49160,48682,1646538899999,72634.60860,180,5685,8479.26360,0
1646538900000,1.49160,1.49280,1.49120,1.49250,14614,1646538959999,21803.10680,117,9391,14012.22310,0
1646538960000,1.49250,1.49260,1.49120,1.49180,20967,1646539019999,31287.60370,113,2085,3110.91070,0
1646539020000,1.49190,1.49240,1.49100,1.49100,14924,1646539079999,22265.66610,118,4079,6085.51710,0
1646539080000,1.49110,1.49110,1.48630,1.48650,130523,1646539139999,194305.49820,390,33296,49561.91430,0
1646539140000,1.48640,1.48790,1.48560,1.48760,113191,1646539199999,168238.68980,346,48586,72211.16700,0
1646539200000,1.48750,1.49000,1.48590,1.48970,115135,1646539259999,171317.14460,380,72452,107842.00630,0
1646539260000,1.48970,1.49050,1.48910,1.49040,50840,1646539319999,75743.88550,218,21512,32049.39770,0
1646539320000,1.49050,1.49080,1.47900,1.47910,533154,1646539379999,790825.07030,1324,87002,129241.49250,0
1646539380000,1.48000,1.48080,1.47130,1.47130,906813,1646539439999,1339276.90600,2433,344093,508454.36470,0
1646539440000,1.47160,1.47640,1.46900,1.47530,576017,1646539499999,848050.89620,1676,286660,422163.95900,0
1646539500000,1.47520,1.47740,1.47250,1.47740,224648,1646539559999,331393.71310,570,137337,202604.83100,0
1646539560000,1.47730,1.47910,1.47430,1.47490,268680,1646539619999,396807.83340,692,112868,166673.37740,0
1646539620000,1.47480,1.47650,1.47330,1.47350,117596,1646539679999,173446.13970,374,25838,38123.47820,0
1646539680000,1.47350,1.47560,1.47260,1.47420,94690,1646539739999,139557.06590,330,28892,42587.48460,0
1646539740000,1.47430,1.47540,1.47230,1.47440,94039,1646539799999,138597.70730,371,49502,72962.63260,0
1646539800000,1.47410,1.47480,1.47260,1.47350,54867,1646539859999,80841.13200,281,19171,28245.45360,0
1646539860000,1.47360,1.47360,1.47230,1.47240,31996,1646539919999,47124.86760,212,12908,19011.32940,0
1646539920000,1.47240,1.47460,1.47220,1.47380,87799,1646539979999,129360.13960,278,33302,49063.44440,0
1646539980000,1.47370,1.47570,1.47340,1.47480,65778,1646540039999,96999.71770,231,28478,41997.51390,0
1646540040000,1.47480,1.47630,1.47250,1.47370,128091,1646540099999,188861.86490,383,63935,94309.27170,0
1646540100000,1.47370,1.47660,1.47340,1.47520,55513,1646540159999,81877.88920,307,31810,46918.37290,0
1646540160000,1.47510,1.47600,1.47400,1.47400,65975,1646540219999,97299.92000,309,28084,41424.10710,0
1646540220000,1.47430,1.47630,1.47350,1.47540,117371,1646540279999,173169.65510,275,68820,101539.17460,0
1646540280000,1.47540,1.47600,1.47370,1.47440,37967,1646540339999,55992.02330,223,10885,16058.19360,0
1646540340000,1.47440,1.47440,1.47170,1.47170,81638,1646540399999,120275.25530,336,50268,74066.18740,0
1646540400000,1.47180,1.47480,1.47180,1.47480,44624,1646540459999,65762.34010,270,27949,41185.41580,0
1646540460000,1.47480,1.47500,1.47370,1.47460,24870,1646540519999,36665.32570,179,9540,14065.27090,0
1646540520000,1.47450,1.47600,1.47450,1.47490,67852,1646540579999,100100.48030,217,40983,60464.54610,0
1646540580000,1.47490,1.47620,1.47420,1.47470,49222,1646540639999,72597.96810,208,20336,30001.82590,0
1646540640000,1.47480,1.47490,1.47390,1.47410,34180,1646540699999,50397.70490,171,15785,23275.71610,0
1646540700000,1.47400,1.47580,1.47390,1.47510,43050,1646540759999,63491.05290,204,13885,20477.94100,0
1646540760000,1.47480,1.47650,1.47480,1.47610,31021,1646540819999,45781.80830,196,17840,26328.47190,0
1646540820000,1.47610,1.47720,1.47600,1.47650,68380,1646540879999,100985.54680,218,54254,80129.03070,0
1646540880000,1.47660,1.47690,1.47510,1.47540,115603,1646540939999,170631.59780,211,33088,48835.08390,0
1646540940000,1.47570,1.47740,1.47570,1.47680,25212,1646540999999,37233.60220,148,18715,27641.15610,0
1646541000000,1.47660,1.47770,1.47650,1.47730,23142,1646541059999,34181.53030,218,17501,25849.82430,0
1646541060000,1.47740,1.48070,1.47740,1.48050,87372,1646541119999,129280.30530,353,68551,101437.53650,0
1646541120000,1.48050,1.48130,1.47960,1.48130,49362,1646541179999,73095.18270,225,42579,63053.26240,0
1646541180000,1.48110,1.48230,1.48040,1.48220,72520,1646541239999,107418.24090,247,22181,32861.20960,0
1646541240000,1.48220,1.48300,1.48170,1.48260,46340,1646541299999,68693.13060,254,25965,38491.43480,0
1646541300000,1.48300,1.48370,1.48080,1.48370,85037,1646541359999,126045.70660,327,49745,73728.49850,0
1646541360000,1.48370,1.48420,1.48240,1.48390,76022,1646541419999,112778.95300,261,33610,49867.71820,0
1646541420000,1.48390,1.48590,1.48390,1.48430,85011,1646541479999,126226.71670,385,50678,75247.40420,0
1646541480000,1.48420,1.48670,1.48420,1.48570,167173,1646541539999,248382.42610,430,104748,155645.04420,0
1646541540000,1.48580,1.49050,1.48570,1.49040,130841,1646541599999,194779.38770,493,75077,111764.93300,0
1646541600000,1.49030,1.49800,1.48980,1.49660,580057,1646541659999,866849.19060,1485,332105,496375.45070,0
1646541660000,1.49660,1.49660,1.49300,1.49520,169536,1646541719999,253394.26910,557,55253,82597.78650,0
1646541720000,1.49510,1.49520,1.49140,1.49140,122173,1646541779999,182544.57790,447,56787,84866.50510,0
1646541780000,1.49150,1.49340,1.48870,1.49080,158821,1646541839999,236780.75750,499,59047,88038.13640,0
1646541840000,1.49090,1.49200,1.48960,1.48960,95636,1646541899999,142556.54510,362,27073,40353.30480,0
1646541900000,1.48960,1.49250,1.48950,1.49180,56837,1646541959999,84739.60710,298,23888,35618.72210,0
1646541960000,1.49200,1.49470,1.49150,1.49410,119374,1646542019999,178237.73710,421,74848,111741.46200,0
1646542020000,1.49450,1.49460,1.49260,1.49330,115314,1646542079999,172239.30690,358,49266,73601.33140,0
1646542080000,1.49330,1.49460,1.49300,1.49390,81580,1646542139999,121866.48080,222,34160,51029.03810,0
1646542140000,1.49380,1.49450,1.49250,1.49430,73750,1646542199999,110155.12660,242,33320,49769.85880,0
1646542200000,1.49450,1.49530,1.49080,1.49150,142311,1646542259999,212473.01720,424,68357,102116.95810,0
1646542260000,1.49150,1.49270,1.49130,1.49220,40041,1646542319999,59740.95570,230,13824,20626.91910,0
1646542320000,1.49200,1.49260,1.49090,1.49110,121708,1646542379999,181527.03130,212,30326,45228.44390,0
1646542380000,1.49120,1.49180,1.49060,1.49130,76846,1646542439999,114589.55170,216,15822,23598.39910,0
1646542440000,1.49120,1.49310,1.49110,1.49250,38388,1646542499999,57286.33330,173,30974,46222.30480,0
1646542500000,1.49240,1.49380,1.49160,1.49380,32023,1646542559999,47790.01810,162,24540,36625.88230,0
1646542560000,1.49400,1.49400,1.49230,1.49230,54771,1646542619999,81770.70610,226,11602,17325.70190,0
1646542620000,1.49210,1.49300,1.49110,1.49210,166031,1646542679999,247685.51420,206,144236,215172.59170,0
1646542680000,1.49210,1.49210,1.49060,1.49080,19828,1646542739999,29573.42670,187,11479,17122.28550,0
1646542740000,1.49070,1.49070,1.48890,1.48970,73724,1646542799999,109840.28410,276,16536,24634.08550,0
1646542800000,1.48980,1.49200,1.48930,1.49130,177991,1646542859999,265373.36770,378,121646,181416.27800,0
1646542860000,1.49130,1.49410,1.49130,1.49360,61635,1646542919999,92011.37300,237,55950,83524.33890,0
1646542920000,1.49370,1.49560,1.49360,1.49550,73377,1646542979999,109679.36400,295,59130,88385.58730,0
1646542980000,1.49550,1.49670,1.49490,1.49670,96688,1646543039999,144627.25010,306,65897,98575.33980,0
1646543040000,1.49660,1.49980,1.49630,1.49880,209358,1646543099999,313663.79699,600,149331,223727.12989,0
1646543100000,1.49910,1.49910,1.49600,1.49710,191099,1646543159999,286181.05220,429,102736,153892.97140,0
1646543160000,1.49710,1.49740,1.49600,1.49640,44541,1646543219999,66669.45360,221,22518,33710.47070,0
1646543220000,1.49650,1.49760,1.49600,1.49690,64146,1646543279999,96022.67580,197,40644,60855.64060,0
1646543280000,1.49690,1.49700,1.49550,1.49570,23758,1646543339999,35545.44140,130,3585,5366.13710,0
1646543340000,1.49570,1.49700,1.49520,1.49530,37194,1646543399999,55645.90410,164,17050,25511.65930,0
1646543400000,1.49530,1.49530,1.49300,1.49460,157633,1646543459999,235540.53810,308,40095,59913.41300,0
1646543460000,1.49440,1.49580,1.49420,1.49500,39582,1646543519999,59176.02680,183,25242,37739.51080,0
1646543520000,1.49490,1.49590,1.49410,1.49590,32907,1646543579999,49189.23590,113,26324,39348.28370,0
1646543580000,1.49560,1.49580,1.49440,1.49440,22429,1646543639999,33533.91850,135,9085,13586.36290,0
1646543640000,1.49460,1.49520,1.49400,1.49400,16316,1646543699999,24386.05040,119,6974,10424.46870,0
1646543700000,1.49430,1.49570,1.49400,1.49510,30053,1646543759999,44918.69170,153,18626,27840.10050,0
1646543760000,1.49530,1.49600,1.49510,1.49590,19267,1646543819999,28815.30230,156,9734,14559.56280,0
1646543820000,1.49590,1.49710,1.49590,1.49640,11048,1646543879999,16535.31670,128,7004,10482.95060,0
1646543880000,1.49650,1.49700,1.49620,1.49700,30573,1646543939999,45755.88210,109,20020,29963.52320,0
1646543940000,1.49690,1.49760,1.49670,1.49680,22094,1646543999999,33079.89390,117,14783,22135.28090,0
1646544000000,1.49660,1.49790,1.49650,1.49700,24991,1646544059999,37416.80960,132,18010,26965.34430,0
1646544060000,1.49730,1.49730,1.49620,1.49680,19417,1646544119999,29062.18500,126,5657,8467.14880,0
1646544120000,1.49650,1.49700,1.49640,1.49680,16707,1646544179999,25003.37070,109,11409,17074.01400,0
1646544180000,1.49680,1.49690,1.49550,1.49550,100396,1646544239999,150199.16900,229,20401,30528.87740,0
1646544240000,1.49560,1.49640,1.49520,1.49570,45860,1646544299999,68601.49320,175,18219,27257.21120,0
1646544300000,1.49600,1.49640,1.49520,1.49630,25628,1646544359999,38333.47100,155,12829,19190.91490,0
1646544360000,1.49620,1.49670,1.49620,1.49640,10487,1646544419999,15692.08740,109,3771,5642.82500,0
1646544420000,1.49630,1.49630,1.49310,1.49400,95375,1646544479999,142519.37380,228,27395,40941.81220,0
1646544480000,1.49420,1.49470,1.49330,1.49360,22829,1646544539999,34114.75290,105,6307,9425.28860,0
1646544540000,1.49370,1.49410,1.49260,1.49270,14604,1646544599999,21809.52450,131,5310,7931.06110,0
1646544600000,1.49260,1.49300,1.49190,1.49300,47756,1646544659999,71267.65330,170,3594,5364.35320,0
1646544660000,1.49270,1.49380,1.49270,1.49370,29265,1646544719999,43707.05070,173,23223,34683.56980,0
1646544720000,1.49380,1.49390,1.49200,1.49240,31621,1646544779999,47199.42280,197,7756,11577.85310,0
1646544780000,1.49250,1.49260,1.49190,1.49190,15482,1646544839999,23102.91180,108,1761,2628.02470,0
1646544840000,1.49170,1.49210,1.49030,1.49120,71339,1646544899999,106369.53180,280,40991,61118.17140,0
1646544900000,1.49160,1.49160,1.49050,1.49110,16479,1646544959999,24568.52690,95,5761,8589.30470,0
1646544960000,1.49110,1.49180,1.48960,1.48970,50778,1646545019999,75680.79340,196,15663,23352.21270,0
1646545020000,1.48990,1.49050,1.48920,1.48950,21154,1646545079999,31514.32920,124,5541,8255.15900,0
1646545080000,1.48940,1.49080,1.48940,1.49030,38021,1646545139999,56659.57910,128,21129,31484.54390,0
1646545140000,1.49080,1.49080,1.48970,1.49010,11346,1646545199999,16907.82140,128,7066,10530.40940,0
1646545200000,1.49000,1.49060,1.49000,1.49000,7101,1646545259999,10581.96390,156,3643,5429.01300,0
1646545260000,1.49040,1.49070,1.48990,1.49050,14382,1646545319999,21432.89380,136,5377,8013.95010,0
1646545320000,1.49050,1.49070,1.49010,1.49050,17363,1646545379999,25876.91640,158,6178,9207.24920,0
1646545380000,1.49050,1.49050,1.48930,1.48930,44387,1646545439999,66125.30680,180,2380,3546.53410,0
1646545440000,1.48940,1.48970,1.48860,1.48940,26116,1646545499999,38885.05970,145,12050,17944.14280,0
1646545500000,1.48940,1.48940,1.48710,1.48800,101945,1646545559999,151680.20330,372,34778,51740.40690,0
1646545560000,1.48830,1.49040,1.48630,1.49040,93991,1646545619999,139850.12410,319,55899,83206.74700,0
1646545620000,1.49060,1.49250,1.49060,1.49110,160322,1646545679999,239167.18760,343,114851,171359.65330,0
1646545680000,1.49110,1.49240,1.49110,1.49220,21641,1646545739999,32288.42870,163,13884,20714.40570,0
1646545740000,1.49220,1.49220,1.49110,1.49120,12981,1646545799999,19363.37950,139,3962,5910.54610,0
1646545800000,1.49150,1.49260,1.49130,1.49230,55486,1646545859999,82787.17670,196,39261,58576.62200,0
1646545860000,1.49220,1.49310,1.49170,1.49270,38969,1646545919999,58147.71320,184,15149,22608.97320,0
1646545920000,1.49280,1.49280,1.49050,1.49170,29102,1646545979999,43407.38690,112,11125,16591.11020,0
1646545980000,1.49170,1.49170,1.48930,1.49000,14281,1646546039999,21283.67840,94,4765,7099.99670,0
1646546040000,1.49000,1.49180,1.48980,1.49130,11085,1646546099999,16526.07940,95,7773,11586.76670,0
1646546100000,1.49120,1.49280,1.49110,1.49280,12049,1646546159999,17976.78190,81,7157,10678.59030,0
1646546160000,1.49270,1.49270,1.49130,1.49140,9489,1646546219999,14156.04440,101,2214,3302.39570,0
1646546220000,1.49130,1.49180,1.49020,1.49100,9021,1646546279999,13449.80860,89,5611,8365.16720,0
1646546280000,1.49090,1.49100,1.48840,1.48960,24784,1646546339999,36912.01290,145,10137,15095.44580,0
1646546340000,1.48970,1.49000,1.48910,1.48950,23947,1646546399999,35672.11490,99,5483,8167.60700,0
1646546400000,1.48940,1.48940,1.48810,1.48880,63176,1646546459999,94060.68560,199,45935,68391.09390,0
1646546460000,1.48900,1.49000,1.48890,1.48980,18906,1646546519999,28162.03020,113,13933,20754.36890,0
1646546520000,1.48980,1.49200,1.48970,1.49030,63278,1646546579999,94331.46100,205,40587,60492.70970,0
1646546580000,1.49040,1.49110,1.48950,1.49020,31479,1646546639999,46916.12080,143,14592,21751.92370,0
1646546640000,1.49000,1.49090,1.49000,1.49090,21499,1646546699999,32041.51080,109,7281,10852.82370,0
1646546700000,1.49080,1.49100,1.48950,1.49060,36183,1646546759999,53929.40780,159,18851,28099.70420,0
1646546760000,1.49050,1.49090,1.48910,1.49070,18206,1646546819999,27132.27430,128,10162,15143.65530,0
1646546820000,1.49080,1.49250,1.49050,1.49250,49990,1646546879999,74545.39880,177,44528,66399.36320,0
1646546880000,1.49250,1.49250,1.49070,1.49180,25207,1646546939999,37600.10310,139,10969,16360.12090,0
1646546940000,1.49180,1.49250,1.49150,1.49240,55838,1646546999999,83313.48360,161,48942,73025.83740,0
1646547000000,1.49250,1.49410,1.49240,1.49400,59959,1646547059999,89547.23980,227,31686,47315.93880,0
1646547060000,1.49410,1.49480,1.49310,1.49370,69449,1646547119999,103759.02030,201,18890,28221.95360,0
1646547120000,1.49380,1.49420,1.49280,1.49320,14883,1646547179999,22231.18960,95,9073,13553.40860,0
1646547180000,1.49260,1.49470,1.49260,1.49460,36223,1646547239999,54103.47850,117,32742,48904.47470,0
1646547240000,1.49420,1.49550,1.49370,1.49530,78067,1646547299999,116669.81180,187,66341,99146.35150,0
1646547300000,1.49520,1.49520,1.49330,1.49340,75941,1646547359999,113469.88180,191,5197,7766.43870,0
1646547360000,1.49370,1.49530,1.49370,1.49520,50524,1646547419999,75497.45900,134,42693,63795.93410,0
1646547420000,1.49510,1.49510,1.49410,1.49450,9011,1646547479999,13467.79280,108,3424,5117.86610,0
1646547480000,1.49440,1.49490,1.49410,1.49490,9649,1646547539999,14420.02570,91,4819,7202.11830,0
1646547540000,1.49470,1.49480,1.49410,1.49460,9509,1646547599999,14209.40550,84,1145,1711.04070,0
1646547600000,1.49450,1.49640,1.49450,1.49630,113555,1646547659999,169840.56410,356,101405,151668.18190,0
1646547660000,1.49610,1.49750,1.49570,1.49740,109350,1646547719999,163666.69020,280,73255,109644.19040,0
1646547720000,1.49740,1.49930,1.49700,1.49910,121189,1646547779999,181575.96920,280,86988,130349.89130,0
1646547780000,1.49910,1.50190,1.49870,1.50130,259301,1646547839999,389061.76840,717,157854,236841.97860,0
1646547840000,1.50160,1.50160,1.49950,1.50030,48324,1646547899999,72502.94730,244,15008,22517.64290,0
1646547900000,1.50020,1.50160,1.50020,1.50140,148416,1646547959999,222757.34220,305,74683,112108.97750,0
1646547960000,1.50120,1.50180,1.50030,1.50040,83961,1646548019999,126032.52400,260,54094,81212.02090,0
1646548020000,1.50040,1.50040,1.49870,1.49920,113158,1646548079999,169680.75530,260,65824,98706.68710,0
1646548080000,1.49920,1.49960,1.49860,1.49870,64606,1646548139999,96844.16120,173,16586,24866.76330,0
1646548140000,1.49860,1.49860,1.49680,1.49690,28407,1646548199999,42536.94920,198,6508,9745.30850,0
1646548200000,1.49710,1.49800,1.49520,1.49540,150270,1646548259999,224870.33320,299,42153,63114.41160,0
1646548260000,1.49550,1.49610,1.49480,1.49570,179848,1646548319999,268924.13720,316,64827,96960.69150,0
1646548320000,1.49510,1.49510,1.49360,1.49420,92976,1646548379999,138942.39350,292,41065,61363.73220,0
1646548380000,1.49490,1.49490,1.49220,1.49300,71198,1646548439999,106295.53290,255,45331,67677.14280,0
1646548440000,1.49290,1.49410,1.49250,1.49280,36218,1646548499999,54082.23930,153,18008,26891.64520,0
1646548500000,1.49260,1.49300,1.49010,1.49070,100481,1646548559999,149827.01170,295,42378,63175.21600,0
1646548560000,1.49070,1.49080,1.48800,1.49010,130135,1646548619999,193809.22120,401,62043,92422.80030,0
1646548620000,1.49020,1.49190,1.48980,1.49020,93234,1646548679999,138961.65220,283,36377,54229.48300,0
1646548680000,1.49050,1.49230,1.49050,1.49150,71848,1646548739999,107152.49340,291,35500,52941.06790,0
1646548740000,1.49170,1.49250,1.49120,1.49130,39953,1646548799999,59612.02020,295,20218,30168.41990,0
1646548800000,1.49130,1.49290,1.49130,1.49230,90975,1646548859999,135762.92220,304,72670,108450.60580,0
1646548860000,1.49210,1.49280,1.49090,1.49150,96765,1646548919999,144358.58670,337,29632,44200.10180,0
1646548920000,1.49140,1.49190,1.49010,1.49010,90147,1646548979999,134424.92320,296,13997,20874.59670,0
1646548980000,1.49030,1.49200,1.48910,1.49190,124416,1646549039999,185427.69140,372,85355,127216.42180,0
1646549040000,1.49190,1.49240,1.49100,1.49230,42596,1646549099999,63544.82720,284,29520,44039.35400,0
1646549100000,1.49220,1.49250,1.49060,1.49250,21974,1646549159999,32772.97570,189,9451,14097.30230,0
1646549160000,1.49240,1.49290,1.49150,1.49290,27103,1646549219999,40437.01780,180,14664,21880.66800,0
1646549220000,1.49290,1.49320,1.49090,1.49160,43211,1646549279999,64464.76030,278,19795,29529.34270,0
1646549280000,1.49150,1.49200,1.49110,1.49110,25852,1646549339999,38559.09820,186,11214,16728.67370,0
1646549340000,1.49110,1.49210,1.49100,1.49110,33595,1646549399999,50107.45890,224,19293,28776.88120,0
1646549400000,1.49120,1.49210,1.49060,1.49160,15540,1646549459999,23174.87450,173,5598,8349.55760,0
1646549460000,1.49160,1.49270,1.49130,1.49140,53772,1646549519999,80217.22740,177,44395,66229.85080,0
1646549520000,1.49140,1.49230,1.49140,1.49210,31238,1646549579999,46601.74080,133,10182,15190.34370,0
1646549580000,1.49200,1.49290,1.49200,1.49290,16093,1646549639999,24017.31690,101,12042,17970.46670,0
1646549640000,1.49270,1.49290,1.49180,1.49180,42407,1646549699999,63286.73780,178,7770,11596.66370,0
1646549700000,1.49170,1.49260,1.49110,1.49190,77833,1646549759999,116123.26970,197,19786,29519.23650,0
1646549760000,1.49200,1.49210,1.49130,1.49180,23708,1646549819999,35364.41710,136,12067,18000.73800,0
1646549820000,1.49180,1.49270,1.49130,1.49220,27356,1646549879999,40820.38140,118,23759,35454.13810,0
1646549880000,1.49230,1.49290,1.49200,1.49280,15984,1646549939999,23856.09100,91,10577,15786.18100,0
1646549940000,1.49280,1.49280,1.49220,1.49220,14544,1646549999999,21706.76270,80,9743,14540.47140,0
1646550000000,1.49220,1.49500,1.49220,1.49480,195083,1646550059999,291512.31570,366,171846,256796.33350,0
1646550060000,1.49480,1.49490,1.49310,1.49390,35479,1646550119999,53001.83490,209,12271,18329.31080,0
1646550120000,1.49390,1.49440,1.49360,1.49410,39280,1646550179999,58686.28230,193,32185,48086.96270,0
1646550180000,1.49400,1.49400,1.49230,1.49270,59630,1646550239999,89052.35090,211,12070,18022.98140,0
1646550240000,1.49240,1.49240,1.48950,1.49130,255356,1646550299999,380671.58810,426,63937,95305.45610,0
1646550300000,1.49130,1.49160,1.49100,1.49120,19524,1646550359999,29116.20970,139,14028,20920.64290,0
1646550360000,1.49120,1.49170,1.48950,1.49000,21007,1646550419999,31310.64230,171,15006,22364.93170,0
1646550420000,1.49000,1.49050,1.48840,1.49040,112111,1646550479999,166996.16780,327,50387,75065.18920,0
1646550480000,1.49050,1.49090,1.49000,1.49090,35044,1646550539999,52234.88000,168,23515,35052.11660,0
1646550540000,1.49080,1.49130,1.49040,1.49110,19231,1646550599999,28669.02200,165,8693,12960.26890,0
1646550600000,1.49130,1.49190,1.49080,1.49150,22010,1646550659999,32822.90530,130,9633,14366.85800,0
1646550660000,1.49160,1.49190,1.49060,1.49070,20942,1646550719999,31233.52930,108,13614,20305.13920,0
1646550720000,1.49080,1.49140,1.49060,1.49090,15847,1646550779999,23626.89280,120,5706,8507.25460,0
1646550780000,1.49060,1.49090,1.48930,1.49010,41589,1646550839999,61973.94700,150,15854,23623.84880,0
1646550840000,1.49010,1.49010,1.48890,1.48900,22647,1646550899999,33731.40260,171,12829,19108.27220,0
1646550900000,1.48890,1.48930,1.48400,1.48690,340069,1646550959999,505408.27310,933,96540,143464.44900,0
1646550960000,1.48700,1.48710,1.48470,1.48560,107110,1646551019999,159134.60080,232,10455,15536.65820,0
1646551020000,1.48560,1.48620,1.48390,1.48530,74402,1646551079999,110489.11790,272,20853,30974.90060,0
1646551080000,1.48530,1.48610,1.48480,1.48590,32575,1646551139999,48396.20890,171,22208,32995.46500,0
1646551140000,1.48590,1.48800,1.48590,1.48760,56725,1646551199999,84358.49860,242,41017,60993.84440,0
1646551200000,1.48730,1.48770,1.48610,1.48630,30163,1646551259999,44851.92390,148,3216,4783.01860,0
1646551260000,1.48630,1.48880,1.48630,1.48870,52355,1646551319999,77865.30830,161,50902,75704.60890,0
1646551320000,1.48880,1.49100,1.48850,1.48870,98146,1646551379999,146246.10270,269,53698,80016.55250,0
1646551380000,1.48860,1.48950,1.48830,1.48950,41875,1646551439999,62351.45100,150,38514,57347.74630,0
1646551440000,1.48950,1.48970,1.48840,1.48880,31898,1646551499999,47504.24260,142,19493,29033.95850,0
1646551500000,1.48880,1.48910,1.48840,1.48910,22382,1646551559999,33317.96890,103,19790,29458.68780,0
1646551560000,1.48920,1.49260,1.48920,1.49220,81278,1646551619999,121199.74960,276,60104,89648.54480,0
1646551620000,1.49210,1.49310,1.49120,1.49190,98127,1646551679999,146445.36150,305,75041,112000.07060,0
1646551680000,1.49180,1.49290,1.49170,1.49230,44110,1646551739999,65830.27610,169,26126,38990.90680,0
1646551740000,1.49240,1.49270,1.49130,1.49230,42034,1646551799999,62720.78090,136,27081,40408.01550,0
1646551800000,1.49240,1.49310,1.49150,1.49200,25248,1646551859999,37673.34440,153,8335,12436.74010,0
1646551860000,1.49160,1.49310,1.49160,1.49230,71323,1646551919999,106430.10190,192,21700,32385.87470,0
1646551920000,1.49220,1.49300,1.49140,1.49250,76989,1646551979999,114880.39270,221,58269,86946.19300,0
1646551980000,1.49250,1.49250,1.49170,1.49240,12457,1646552039999,18586.26400,115,6709,10010.46560,0
1646552040000,1.49230,1.49250,1.49090,1.49100,10966,1646552099999,16358.41910,111,3605,5378.05370,0
1646552100000,1.49090,1.49280,1.49080,1.49270,21842,1646552159999,32577.85260,98,21026,31360.83530,0
1646552160000,1.49250,1.49350,1.49250,1.49300,31366,1646552219999,46827.28450,129,18289,27305.32160,0
1646552220000,1.49310,1.49310,1.49160,1.49250,16891,1646552279999,25204.76470,118,6524,9735.87940,0
1646552280000,1.49230,1.49310,1.49230,1.49250,13845,1646552339999,20664.81840,79,5007,7473.14660,0
1646552340000,1.49220,1.49240,1.49090,1.49140,87321,1646552399999,130222.90980,165,2285,3408.39600,0
1646552400000,1.49140,1.49140,1.49060,1.49120,21732,1646552459999,32401.75210,111,5918,8825.01130,0
1646552460000,1.49110,1.49120,1.49060,1.49060,14550,1646552519999,21694.28700,107,8911,13286.79510,0
1646552520000,1.49070,1.49100,1.48730,1.48740,67062,1646552579999,99867.61690,277,18887,28125.77230,0
1646552580000,1.48740,1.49010,1.48740,1.48960,54011,1646552639999,80426.81620,147,36290,54030.44220,0
1646552640000,1.48970,1.49030,1.48950,1.48990,19348,1646552699999,28830.80220,100,17468,26029.74960,0
1646552700000,1.48990,1.49130,1.48980,1.49110,25140,1646552759999,37477.78140,119,19300,28771.22160,0
1646552760000,1.49100,1.49220,1.49090,1.49190,45782,1646552819999,68291.58620,160,29919,44633.21480,0
1646552820000,1.49200,1.49280,1.49130,1.49240,38084,1646552879999,56833.65700,143,28921,43161.15530,0
1646552880000,1.49250,1.49340,1.49230,1.49260,36969,1646552939999,55188.54980,132,18568,27723.03420,0
1646552940000,1.49250,1.49290,1.49140,1.49170,12171,1646552999999,18159.05460,87,4418,6592.35260,0
1646553000000,1.49180,1.49200,1.49030,1.49090,21436,1646553059999,31959.29270,117,11010,16416.09050,0
1646553060000,1.49090,1.49280,1.49090,1.49280,20899,1646553119999,31185.10520,92,12136,18107.05260,0
1646553120000,1.49280,1.49290,1.49210,1.49260,24911,1646553179999,37178.03790,94,2966,4427.77570,0
1646553180000,1.49250,1.49260,1.48830,1.48920,148101,1646553239999,220607.28790,335,43424,64673.02950,0
1646553240000,1.48920,1.49080,1.48890,1.49010,56943,1646553299999,84838.82060,206,42861,63864.53880,0
1646553300000,1.49020,1.49120,1.48960,1.49120,41606,1646553359999,62009.94970,150,18532,27617.85870,0
1646553360000,1.49110,1.49160,1.49040,1.49130,29158,1646553419999,43474.06350,141,17382,25916.87490,0
1646553420000,1.49140,1.49150,1.49060,1.49110,36026,1646553479999,53721.72500,93,12375,18455.41230,0
1646553480000,1.49140,1.49230,1.49120,1.49220,10485,1646553539999,15638.55710,87,2818,4203.41620,0
1646553540000,1.49230,1.49260,1.49050,1.49060,47058,1646553599999,70216.95540,149,5252,7836.98470,0
1646553600000,1.49060,1.49100,1.48770,1.48900,242495,1646553659999,361039.62000,358,156346,232811.79510,0
1646553660000,1.48900,1.49090,1.48890,1.48910,67343,1646553719999,100323.44180,248,39639,59052.52500,0
1646553720000,1.48920,1.49000,1.48890,1.48960,32175,1646553779999,47921.58390,157,20964,31226.59850,0
1646553780000,1.48940,1.48960,1.48830,1.48900,33521,1646553839999,49912.23520,186,13732,20446.56290,0
1646553840000,1.48910,1.48970,1.48900,1.48960,26499,1646553899999,39463.15710,147,15697,23376.84460,0
1646553900000,1.48960,1.48970,1.48870,1.48880,39624,1646553959999,59001.02230,177,9505,14154.72860,0
1646553960000,1.48870,1.48870,1.48740,1.48740,36250,1646554019999,53939.92390,186,25003,37206.20290,0
1646554020000,1.48740,1.48840,1.48700,1.48730,65742,1646554079999,97792.55140,218,35457,52745.27710,0
1646554080000,1.48710,1.48710,1.48360,1.48490,128784,1646554139999,191250.97590,439,38266,56845.08170,0
1646554140000,1.48500,1.48590,1.48420,1.48590,31569,1646554199999,46882.10610,212,18605,27630.09090,0
1646554200000,1.48580,1.48640,1.48550,1.48640,41548,1646554259999,61737.17880,226,25233,37495.71150,0
1646554260000,1.48640,1.48900,1.48630,1.48690,180518,1646554319999,268672.03080,369,152887,227571.36230,0
1646554320000,1.48680,1.48760,1.48670,1.48760,29765,1646554379999,44265.16910,189,17970,26723.40430,0
1646554380000,1.48760,1.48920,1.48760,1.48850,62956,1646554439999,93722.08480,220,48129,71652.50230,0
1646554440000,1.48840,1.48920,1.48830,1.48910,20191,1646554499999,30058.52830,196,13584,20222.24820,0
1646554500000,1.48910,1.48950,1.48830,1.48830,61152,1646554559999,91027.76830,207,6440,9589.45370,0
1646554560000,1.48820,1.48830,1.48750,1.48800,35271,1646554619999,52474.69740,218,18013,26799.26220,0
1646554620000,1.48790,1.48840,1.48720,1.48800,51291,1646554679999,76306.26510,241,18448,27450.91440,0
1646554680000,1.48800,1.48890,1.48770,1.48890,37857,1646554739999,56343.35610,192,17710,26361.68240,0
1646554740000,1.48880,1.48920,1.48880,1.48910,22701,1646554799999,33801.98820,163,20250,30152.55630,0
1646554800000,1.48910,1.48910,1.48790,1.48830,120138,1646554859999,178792.05850,244,13022,19381.21270,0
1646554860000,1.48820,1.48850,1.48750,1.48780,23607,1646554919999,35130.22410,169,14501,21580.03240,0
1646554920000,1.48790,1.48820,1.48700,1.48790,145778,1646554979999,216839.32690,210,33116,49274.86730,0
1646554980000,1.48760,1.48890,1.48270,1.48480,259538,1646555039999,385371.12750,685,93893,139390.32270,0
1646555040000,1.48480,1.48720,1.48470,1.48640,68399,1646555099999,101647.57490,259,26317,39107.24610,0
1646555100000,1.48640,1.48970,1.48620,1.48950,72884,1646555159999,108480.72090,296,36000,53580.72730,0
1646555160000,1.48940,1.48950,1.48770,1.48810,63109,1646555219999,93935.66370,285,30518,45424.43420,0
1646555220000,1.48820,1.48970,1.48770,1.48800,66694,1646555279999,99295.28110,265,35477,52824.78950,0
1646555280000,1.48790,1.48870,1.48640,1.48840,49099,1646555339999,73048.73370,196,34596,51471.38900,0
1646555340000,1.48840,1.48880,1.48700,1.48710,51471,1646555399999,76582.20180,187,3555,5291.34030,0
1646555400000,1.48720,1.48870,1.48700,1.48740,115401,1646555459999,171697.46120,288,60508,90035.19210,0
1646555460000,1.48720,1.48810,1.48710,1.48780,60881,1646555519999,90577.47960,205,52028,77407.72320,0
1646555520000,1.48780,1.48790,1.48620,1.48660,35216,1646555579999,52358.75080,165,15010,22313.86100,0
1646555580000,1.48660,1.48660,1.48390,1.48390,76522,1646555639999,113618.93290,273,38218,56745.45270,0
1646555640000,1.48390,1.48480,1.48210,1.48400,146050,1646555699999,216610.60870,482,43213,64096.96190,0
1646555700000,1.48400,1.48460,1.48260,1.48260,93612,1646555759999,138890.38110,292,13356,19812.50050,0
1646555760000,1.48260,1.48330,1.48110,1.48250,109485,1646555819999,162268.15680,365,42274,62658.78210,0
1646555820000,1.48230,1.48310,1.48150,1.48260,40561,1646555879999,60134.74980,168,21225,31471.06370,0
1646555880000,1.48280,1.48420,1.48230,1.48340,67963,1646555939999,100813.17060,261,48613,72111.79230,0
1646555940000,1.48340,1.48400,1.48220,1.48320,46428,1646555999999,68862.95660,226,28196,41824.18060,0
1646556000000,1.48340,1.48350,1.48200,1.48240,53673,1646556059999,79593.66050,237,26800,39742.71190,0
1646556060000,1.48220,1.48320,1.48160,1.48260,24710,1646556119999,36626.43140,179,13674,20266.60760,0
1646556120000,1.48280,1.48340,1.48280,1.48310,22540,1646556179999,33429.88290,166,17105,25370.10320,0
1646556180000,1.48320,1.48390,1.48300,1.48330,32784,1646556239999,48635.27480,177,12613,18712.89880,0
1646556240000,1.48330,1.48420,1.48280,1.48280,36304,1646556299999,53852.39710,251,18212,27019.09120,0
1646556300000,1.48300,1.48360,1.48240,1.48310,68777,1646556359999,101995.17380,213,33262,49336.94700,0
1646556360000,1.48310,1.48480,1.48300,1.48380,147635,1646556419999,219121.85990,336,131556,195262.24310,0
1646556420000,1.48360,1.48470,1.48340,1.48390,109868,1646556479999,163071.55010,246,81866,121524.09670,0
1646556480000,1.48390,1.48390,1.48060,1.48210,204990,1646556539999,303730.79380,415,22876,33892.93750,0
1646556540000,1.48200,1.48200,1.48050,1.48080,61845,1646556599999,91614.98440,255,23005,34081.87280,0
1646556600000,1.48080,1.48120,1.47900,1.47940,167738,1646556659999,248211.50530,590,59493,88055.25950,0
1646556660000,1.47950,1.48120,1.47900,1.48000,95728,1646556719999,141699.34920,331,46874,69389.68510,0
1646556720000,1.48000,1.48090,1.47910,1.47930,32400,1646556779999,47951.12370,196,15914,23552.65620,0
1646556780000,1.47930,1.48070,1.47880,1.48070,144142,1646556839999,213299.28960,441,118890,175936.74050,0
1646556840000,1.48070,1.48180,1.47970,1.48090,167826,1646556899999,248475.83880,450,81533,120731.63760,0
1646556900000,1.48090,1.48230,1.48090,1.48190,108166,1646556959999,160270.59620,285,78000,115588.42820,0
1646556960000,1.48180,1.48240,1.48150,1.48220,30053,1646557019999,44537.07110,227,9785,14501.96510,0
1646557020000,1.48210,1.48220,1.48060,1.48110,28766,1646557079999,42607.27100,182,10600,15699.94930,0
1646557080000,1.48130,1.48190,1.47900,1.47970,67720,1646557139999,100233.04130,250,32773,48503.95190,0
1646557140000,1.47970,1.48110,1.47970,1.48010,43618,1646557199999,64562.76220,211,24535,36317.59390,0
1646557200000,1.47990,1.48300,1.47860,1.48300,107935,1646557259999,159830.85490,383,60313,89331.94830,0
1646557260000,1.48300,1.48300,1.48130,1.48260,64888,1646557319999,96193.78590,266,42347,62787.65960,0
1646557320000,1.48240,1.48300,1.48140,1.48170,49509,1646557379999,73394.67940,238,32664,48428.74100,0
1646557380000,1.48180,1.48180,1.47800,1.47810,125771,1646557439999,186072.82380,435,53781,79577.92790,0
1646557440000,1.47800,1.47800,1.47370,1.47430,302485,1646557499999,446524.74280,890,106419,157195.92450,0
1646557500000,1.47480,1.47850,1.47480,1.47840,127289,1646557559999,188012.93800,453,91929,135785.92880,0
1646557560000,1.47850,1.48100,1.47810,1.48090,97583,1646557619999,144391.90870,360,71960,106489.80810,0
1646557620000,1.48110,1.48280,1.48070,1.48240,105502,1646557679999,156330.24010,340,47301,70083.47700,0
1646557680000,1.48240,1.48240,1.48010,1.48100,70857,1646557739999,104947.54780,250,40059,59335.57750,0
1646557740000,1.48100,1.48100,1.48020,1.48030,27509,1646557799999,40727.45640,169,4921,7285.18900,0
1646557800000,1.48070,1.48080,1.47860,1.48070,67899,1646557859999,100464.90530,240,30855,45658.56050,0
1646557860000,1.48050,1.48050,1.47920,1.47940,16459,1646557919999,24356.72820,156,9025,13356.36010,0
1646557920000,1.47940,1.48060,1.47930,1.48050,19063,1646557979999,28209.52150,145,16173,23933.30600,0
1646557980000,1.48050,1.48090,1.47990,1.48050,23501,1646558039999,34795.40980,159,15803,23400.04830,0
1646558040000,1.48070,1.48170,1.48040,1.48080,56692,1646558099999,83971.91390,228,31322,46394.48270,0
1646558100000,1.48110,1.48110,1.47960,1.47970,16347,1646558159999,24199.74390,151,2420,3582.60100,0
1646558160000,1.47990,1.48040,1.47750,1.47930,199114,1646558219999,294456.57850,416,42212,62434.23640,0
1646558220000,1.47930,1.47960,1.47680,1.47760,59174,1646558279999,87460.98130,219,13231,19568.55360,0
1646558280000,1.47760,1.47800,1.47410,1.47430,152554,1646558339999,225155.27600,448,26659,39347.51170,0
1646558340000,1.47430,1.47510,1.47250,1.47350,163633,1646558399999,241149.06390,579,70067,103275.32600,0
1646558400000,1.47330,1.47440,1.47110,1.47320,507219,1646558459999,746829.43730,995,168739,248514.28270,0
1646558460000,1.47330,1.47540,1.47260,1.47480,175074,1646558519999,258172.50300,381,128123,188939.43030,0
1646558520000,1.47480,1.47480,1.47210,1.47380,135366,1646558579999,199456.75700,375,54715,80604.57040,0
1646558580000,1.47380,1.47520,1.47260,1.47360,109323,1646558639999,161115.89910,338,73042,107659.64340,0
1646558640000,1.47360,1.47490,1.47200,1.47260,129386,1646558699999,190592.32880,411,63182,93072.34480,0
1646558700000,1.47240,1.47400,1.47210,1.47270,62454,1646558759999,91983.96020,308,40495,59640.68730,0
1646558760000,1.47290,1.47390,1.47100,1.47220,170272,1646558819999,250686.69670,439,108628,159950.53060,0
1646558820000,1.47210,1.47410,1.47190,1.47230,131866,1646558879999,194245.12270,295,74310,109452.00290,0
1646558880000,1.47220,1.47380,1.46930,1.47380,566011,1646558939999,832747.86130,1022,271955,400229.34790,0
1646558940000,1.47380,1.48020,1.47380,1.48020,312586,1646558999999,462017.43200,788,188395,278434.66770,0
1646559000000,1.47970,1.48000,1.47550,1.47780,207689,1646559059999,306778.10450,592,105800,156264.86230,0
1646559060000,1.47780,1.48160,1.47760,1.48010,295458,1646559119999,437302.38730,703,184178,272607.52730,0
1646559120000,1.48020,1.48090,1.47780,1.47790,64781,1646559179999,95836.44590,322,24253,35883.09010,0
1646559180000,1.47790,1.47930,1.47760,1.47930,51115,1646559239999,75575.61930,226,20588,30441.15190,0
1646559240000,1.47920,1.48050,1.47880,1.48050,31133,1646559299999,46068.08620,198,22027,32596.63570,0
1646559300000,1.48060,1.48100,1.47930,1.47970,44904,1646559359999,66460.01780,237,23097,34184.41770,0
1646559360000,1.47980,1.48140,1.47940,1.48080,155204,1646559419999,229803.43610,308,120646,178649.89960,0
1646559420000,1.48080,1.48200,1.48060,1.48090,100719,1646559479999,149178.95720,275,76667,113553.83380,0
1646559480000,1.48090,1.48150,1.48000,1.48020,66972,1646559539999,99172.72060,216,29215,43265.86970,0
1646559540000,1.48010,1.48010,1.47840,1.47920,48999,1646559599999,72472.51280,275,11882,17574.93080,0
1646559600000,1.47940,1.48130,1.47840,1.48110,98254,1646559659999,145433.09480,325,77694,115009.49640,0
1646559660000,1.48120,1.48120,1.48030,1.48070,40160,1646559719999,59460.17470,168,4190,6205.16360,0
1646559720000,1.48090,1.48110,1.48030,1.48100,11573,1646559779999,17137.84390,105,7160,10603.62550,0
1646559780000,1.48110,1.48170,1.48060,1.48160,41290,1646559839999,61163.54820,185,28207,41785.02340,0
1646559840000,1.48150,1.48170,1.47980,1.48040,65552,1646559899999,97042.87140,216,7408,10969.11460,0
1646559900000,1.48040,1.48040,1.47800,1.47820,34179,1646559959999,50555.49840,200,10045,14853.76000,0
1646559960000,1.47820,1.47880,1.47710,1.47850,57396,1646560019999,84832.85060,257,25777,38103.99780,0
1646560020000,1.47860,1.47900,1.47700,1.47830,89892,1646560079999,132826.49330,254,48122,71114.92820,0
1646560080000,1.47820,1.47860,1.47780,1.47840,12058,1646560139999,17824.61950,124,6157,9102.55690,0
1646560140000,1.47840,1.47900,1.47800,1.47850,29770,1646560199999,44014.60950,157,15465,22863.59050,0
1646560200000,1.47830,1.47830,1.47320,1.47360,129296,1646560259999,190719.05190,374,8795,12971.28740,0
1646560260000,1.47330,1.47430,1.46920,1.47170,433362,1646560319999,637773.56310,1024,194697,286559.42200,0
1646560320000,1.47190,1.47460,1.47180,1.47360,111857,1646560379999,164814.13940,364,55031,81082.19690,0
1646560380000,1.47370,1.47590,1.47360,1.47520,100806,1646560439999,148678.73710,347,76139,112306.05230,0
1646560440000,1.47540,1.47590,1.47290,1.47320,139692,1646560499999,205971.88880,313,51651,76173.06930,0
1646560500000,1.47330,1.47580,1.47250,1.47510,117333,1646560559999,172905.94310,330,69175,101963.99790,0
1646560560000,1.47520,1.47560,1.47400,1.47440,53584,1646560619999,79011.36870,227,21484,31683.55940,0
1646560620000,1.47420,1.47470,1.47260,1.47260,65451,1646560679999,96483.21500,245,33707,49698.05570,0
1646560680000,1.47250,1.47270,1.46540,1.46780,595263,1646560739999,873926.47990,1570,144821,212689.79150,0
1646560740000,1.46780,1.46870,1.46320,1.46370,286919,1646560799999,420669.50220,911,139930,205242.83570,0
1646560800000,1.46380,1.46650,1.46140,1.46260,500638,1646560859999,732987.69460,1442,263781,386273.33040,0
1646560860000,1.46270,1.46310,1.45630,1.45910,1038741,1646560919999,1516029.03020,2561,352607,514838.04140,0
1646560920000,1.45920,1.45960,1.45330,1.45600,781990,1646560979999,1138798.40480,1924,355007,517186.42820,0
1646560980000,1.45600,1.46600,1.45560,1.46500,572005,1646561039999,835602.14110,1382,420796,614820.97030,0
1646561040000,1.46490,1.46490,1.45770,1.45980,353656,1646561099999,516588.30480,907,144336,210822.72330,0
1646561100000,1.45980,1.46130,1.45690,1.46110,110180,1646561159999,160763.48860,509,45282,66084.61910,0
1646561160000,1.46110,1.46110,1.45720,1.45740,130397,1646561219999,190260.90440,534,46362,67653.30280,0
1646561220000,1.45720,1.45960,1.45430,1.45510,126060,1646561279999,183627.69190,578,60232,87745.17660,0
1646561280000,1.45520,1.45740,1.45430,1.45460,127022,1646561339999,184880.92830,447,46088,67088.71300,0
1646561340000,1.45450,1.45780,1.45450,1.45770,184284,1646561399999,268326.72040,530,122178,177902.71750,0
1646561400000,1.45780,1.45940,1.45430,1.45680,338090,1646561459999,492742.00410,781,117734,171578.59760,0
1646561460000,1.45710,1.45970,1.45690,1.45930,131459,1646561519999,191681.23750,451,99137,144541.23080,0
1646561520000,1.45940,1.46000,1.45770,1.45990,207358,1646561579999,302501.66910,451,102739,149877.53650,0
1646561580000,1.45990,1.46080,1.45680,1.45730,414882,1646561639999,605100.35970,526,253352,369452.97940,0
1646561640000,1.45730,1.45870,1.45620,1.45790,82844,1646561699999,120739.18050,390,49064,71511.38660,0
1646561700000,1.45750,1.46080,1.45710,1.46040,168462,1646561759999,245853.97810,498,127095,185520.35470,0
1646561760000,1.46060,1.46380,1.46020,1.46160,172000,1646561819999,251523.95590,534,119325,174497.75730,0
1646561820000,1.46150,1.46200,1.45490,1.45560,250704,1646561879999,365353.42400,610,70529,102847.81080,0
1646561880000,1.45560,1.45610,1.45390,1.45420,184363,1646561939999,268212.05720,559,57428,83563.04890,0
1646561940000,1.45440,1.45580,1.45350,1.45420,165035,1646561999999,240018.42200,466,49588,72140.51160,0
1646562000000,1.45430,1.45850,1.45340,1.45760,213196,1646562059999,310483.84350,581,169993,247618.64430,0
1646562060000,1.45750,1.45790,1.45470,1.45520,69759,1646562119999,101576.98130,365,37665,54838.12780,0
1646562120000,1.45570,1.45700,1.45100,1.45440,488285,1646562179999,709632.82166,1137,178578,259537.12380,0
1646562180000,1.45460,1.45560,1.45170,1.45560,415687,1646562239999,604153.71190,947,177879,258617.41260,0
1646562240000,1.45530,1.45840,1.45530,1.45810,197211,1646562299999,287295.68520,548,90025,131152.04170,0
1646562300000,1.45810,1.46170,1.45810,1.46130,236913,1646562359999,345937.63660,620,133670,195165.65960,0
1646562360000,1.46140,1.46370,1.46110,1.46160,211893,1646562419999,309869.05070,540,116695,170636.65910,0
1646562420000,1.46160,1.46380,1.46160,1.46260,125824,1646562479999,184070.68720,368,53700,78563.98760,0
1646562480000,1.46280,1.46310,1.46070,1.46110,107655,1646562539999,157395.03670,287,63561,92938.59220,0
1646562540000,1.46110,1.46300,1.46080,1.46110,84452,1646562599999,123451.69850,279,26302,38451.11140,0
1646562600000,1.46100,1.46410,1.46050,1.46320,163088,1646562659999,238518.27610,426,90464,132343.61930,0
1646562660000,1.46310,1.46410,1.46080,1.46100,298136,1646562719999,436008.76920,566,120639,176450.90250,0
1646562720000,1.46100,1.46180,1.45910,1.46040,176548,1646562779999,257814.08600,433,73960,108008.23650,0
1646562780000,1.46050,1.46120,1.45950,1.46010,79413,1646562839999,115959.25650,251,31815,46457.67180,0
1646562840000,1.46030,1.46190,1.46030,1.46160,40962,1646562899999,59852.12870,230,31070,45399.14320,0
1646562900000,1.46150,1.46440,1.46130,1.46440,103778,1646562959999,151793.24250,336,67872,99283.25430,0
1646562960000,1.46440,1.46470,1.46110,1.46230,75467,1646563019999,110366.17570,272,36655,53591.72020,0
1646563020000,1.46230,1.46280,1.45950,1.46010,64566,1646563079999,94315.36720,241,33077,48320.56440,0
1646563080000,1.46020,1.46160,1.45970,1.45970,52543,1646563139999,76742.29300,225,33126,48386.02880,0
1646563140000,1.45990,1.46160,1.45980,1.46100,44909,1646563199999,65601.32390,185,31425,45903.92690,0
1646563200000,1.46100,1.46100,1.45810,1.45960,110963,1646563259999,161927.69190,367,27708,40442.06330,0
1646563260000,1.45960,1.46110,1.45760,1.45870,163811,1646563319999,239003.71660,432,90658,132307.11570,0
1646563320000,1.45860,1.46000,1.45790,1.46000,136831,1646563379999,199616.66750,331,94515,137895.01060,0
1646563380000,1.46000,1.46240,1.46000,1.46170,198798,1646563439999,290452.84970,373,120966,176704.19840,0
1646563440000,1.46170,1.46200,1.46010,1.46020,37471,1646563499999,54746.43270,219,14929,21814.63580,0
1646563500000,1.46050,1.46180,1.45850,1.46150,76397,1646563559999,111535.68450,341,54330,79308.27330,0
1646563560000,1.46150,1.46200,1.46000,1.46030,56993,1646563619999,83265.47490,277,25901,37846.38810,0
1646563620000,1.46030,1.46160,1.45850,1.45900,216054,1646563679999,315382.63170,468,80211,117063.40350,0
1646563680000,1.45890,1.46000,1.45680,1.45810,299584,1646563739999,436870.17630,491,77058,112370.13600,0
1646563740000,1.45810,1.45840,1.45440,1.45640,189193,1646563799999,275477.86880,558,90867,132298.35570,0
1646563800000,1.45660,1.45760,1.45430,1.45440,95821,1646563859999,139514.29260,335,51614,75173.49620,0
1646563860000,1.45440,1.45730,1.45440,1.45730,70581,1646563919999,102754.38100,342,47862,69684.76150,0
1646563920000,1.45740,1.46030,1.45640,1.45950,113190,1646563979999,165138.26090,395,68539,99999.00860,0
1646563980000,1.45980,1.46030,1.45920,1.45960,77920,1646564039999,113742.65960,204,28349,41388.70000,0
1646564040000,1.45960,1.46020,1.45790,1.45830,54151,1646564099999,79012.72600,252,30743,44859.99690,0
1646564100000,1.45830,1.45960,1.45650,1.45720,180563,1646564159999,263327.04070,397,95408,139160.31130,0
1646564160000,1.45720,1.45880,1.45610,1.45830,65475,1646564219999,95400.63350,249,28069,40901.37890,0
1646564220000,1.45840,1.45850,1.45730,1.45770,21529,1646564279999,31386.25060,159,10094,14715.94100,0
1646564280000,1.45790,1.45940,1.45750,1.45860,58962,1646564339999,85994.66800,254,32766,47793.88150,0
1646564340000,1.45850,1.45860,1.45640,1.45660,100335,1646564399999,146230.69930,165,27350,39858.23170,0
1646564400000,1.45670,1.46060,1.45630,1.46060,119754,1646564459999,174680.64940,333,71263,103915.34380,0
1646564460000,1.46050,1.46060,1.45760,1.45770,40236,1646564519999,58696.00250,212,16505,24085.73610,0
1646564520000,1.45770,1.45770,1.45540,1.45630,109172,1646564579999,158973.44130,363,58487,85163.64080,0
1646564580000,1.45640,1.45700,1.45210,1.45340,214256,1646564639999,311538.30360,529,86940,126406.22570,0
1646564640000,1.45370,1.45370,1.45000,1.45270,352063,1646564699999,510857.93500,988,126401,183460.20540,0
1646564700000,1.45240,1.45330,1.45060,1.45160,217811,1646564759999,316298.99050,494,135277,196491.53290,0
1646564760000,1.45160,1.45790,1.45000,1.45750,241868,1646564819999,351839.76380,608,146216,212696.22130,0
1646564820000,1.45750,1.46080,1.45630,1.45920,292266,1646564879999,426218.95100,656,111097,162068.14890,0
1646564880000,1.45960,1.46200,1.45950,1.46050,120950,1646564939999,176693.11560,440,41967,61299.75810,0
1646564940000,1.46040,1.46060,1.45830,1.45950,138173,1646564999999,201661.89440,345,53084,77480.18930,0
1646565000000,1.45920,1.45920,1.45540,1.45710,140146,1646565059999,204200.13480,323,37169,54145.41380,0
1646565060000,1.45710,1.45940,1.45690,1.45890,73667,1646565119999,107406.42000,276,47716,69573.86070,0
1646565120000,1.45890,1.46040,1.45850,1.45900,92392,1646565179999,134866.33340,312,50912,74325.20100,0
1646565180000,1.45910,1.45910,1.45530,1.45660,123360,1646565239999,179778.28220,334,51802,75456.92130,0
1646565240000,1.45670,1.45770,1.45600,1.45750,19366,1646565299999,28215.91450,162,8028,11696.79190,0
1646565300000,1.45760,1.45900,1.45690,1.45770,47937,1646565359999,69881.14050,261,24127,35170.61740,0
1646565360000,1.45780,1.45800,1.45670,1.45750,59758,1646565419999,87098.28850,222,30238,44071.81550,0
1646565420000,1.45780,1.45910,1.45710,1.45880,141295,1646565479999,205955.61440,283,27376,39922.89090,0
1646565480000,1.45900,1.45910,1.45600,1.45650,113239,1646565539999,165065.61290,250,53619,78182.97310,0
1646565540000,1.45650,1.45690,1.45420,1.45580,82678,1646565599999,120345.50660,332,48500,70601.93660,0
1646565600000,1.45560,1.45590,1.45220,1.45380,114678,1646565659999,166691.25540,358,29625,43062.19800,0
1646565660000,1.45350,1.45520,1.45230,1.45240,197650,1646565719999,287334.42050,371,130924,190381.43690,0
1646565720000,1.45240,1.45290,1.45020,1.45090,236124,1646565779999,342711.28760,524,104310,151417.14810,0
1646565780000,1.45100,1.45390,1.45080,1.45310,92415,1646565839999,134262.25200,308,71995,104615.91560,0
1646565840000,1.45310,1.45470,1.45200,1.45380,55758,1646565899999,81039.35180,229,32046,46588.52620,0
1646565900000,1.45410,1.45450,1.45250,1.45450,43966,1646565959999,63898.11240,198,17214,25023.75780,0
1646565960000,1.45440,1.45490,1.45230,1.45230,50656,1646566019999,73644.65530,194,9948,14464.30160,0
1646566020000,1.45230,1.45420,1.45200,1.45420,65615,1646566079999,95325.17080,240,47947,69665.26540,0
1646566080000,1.45420,1.45630,1.45390,1.45470,91229,1646566139999,132759.22630,329,46698,67960.06200,0
1646566140000,1.45470,1.45740,1.45470,1.45710,90676,1646566199999,132046.79620,332,53217,77486.46720,0
1646566200000,1.45710,1.45980,1.45700,1.45940,171282,1646566259999,249912.25470,454,87901,128263.36600,0
1646566260000,1.45930,1.45980,1.45840,1.45920,98414,1646566319999,143600.95680,339,43574,63585.40810,0
1646566320000,1.45920,1.46070,1.45860,1.46000,131411,1646566379999,191831.23700,340,79490,116042.35240,0
1646566380000,1.46010,1.46380,1.45990,1.46380,239611,1646566439999,350268.83520,607,175332,256307.21970,0
1646566440000,1.46380,1.46620,1.46100,1.46150,367848,1646566499999,538592.97570,766,205649,301246.64660,0
1646566500000,1.46150,1.46230,1.45900,1.46050,213077,1646566559999,311264.18640,429,41276,60295.98000,0
1646566560000,1.46050,1.46090,1.45880,1.45880,72338,1646566619999,105599.84060,267,13970,20390.89890,0
1646566620000,1.45880,1.45900,1.45720,1.45790,136530,1646566679999,199035.63880,403,60376,88019.37970,0
1646566680000,1.45800,1.45930,1.45740,1.45840,29840,1646566739999,43520.72860,193,19588,28570.67670,0
1646566740000,1.45860,1.45990,1.45750,1.45960,54926,1646566799999,80123.44060,233,29533,43081.43310,0
1646566800000,1.45950,1.45950,1.45800,1.45850,102773,1646566859999,149907.95840,293,43694,63741.00670,0
1646566860000,1.45840,1.45840,1.45550,1.45790,139852,1646566919999,203706.58430,412,90211,131380.14060,0
1646566920000,1.45780,1.45780,1.45640,1.45640,59104,1646566979999,86118.38610,207,12061,17573.89920,0
1646566980000,1.45650,1.45750,1.45570,1.45750,77546,1646567039999,112954.93490,250,51645,75229.58660,0
1646567040000,1.45740,1.45760,1.45540,1.45700,53644,1646567099999,78130.57080,206,21520,31345.30090,0
1646567100000,1.45700,1.45710,1.45630,1.45700,33618,1646567159999,48973.85650,184,19576,28519.36760,0
1646567160000,1.45700,1.45950,1.45690,1.45940,108250,1646567219999,157857.83530,326,51101,74512.95060,0
1646567220000,1.45940,1.45980,1.45780,1.45970,47269,1646567279999,68968.42890,217,15926,23239.36920,0
1646567280000,1.45970,1.46150,1.45960,1.46120,145856,1646567339999,213051.59270,356,92207,134684.24700,0
1646567340000,1.46120,1.46120,1.45960,1.45990,42696,1646567399999,62345.16740,235,13515,19736.17960,0
1646567400000,1.45990,1.46090,1.45970,1.46050,29969,1646567459999,43759.19150,148,25893,37807.56390,0
1646567460000,1.46040,1.46400,1.45970,1.46280,264520,1646567519999,386940.05830,482,177538,259669.85570,0
1646567520000,1.46280,1.46290,1.46120,1.46170,58626,1646567579999,85720.55850,180,19766,28895.92580,0
1646567580000,1.46170,1.46320,1.46140,1.46320,58902,1646567639999,86133.28050,202,50030,73162.79390,0
1646567640000,1.46310,1.46320,1.46170,1.46240,40097,1646567699999,58644.47880,191,28803,42127.55070,0
1646567700000,1.46240,1.46280,1.46090,1.46170,48189,1646567759999,70435.05900,195,26340,38501.05120,0
1646567760000,1.46180,1.46210,1.46080,1.46110,59502,1646567819999,86955.42430,209,37034,54123.51910,0
1646567820000,1.46110,1.46130,1.45990,1.46050,89251,1646567879999,130335.55560,206,4214,6156.16370,0
1646567880000,1.46020,1.46100,1.45990,1.46100,68860,1646567939999,100562.55070,173,31619,46187.84760,0
1646567940000,1.46100,1.46280,1.46020,1.46270,146536,1646567999999,214145.57060,255,86351,126188.73160,0
1646568000000,1.46270,1.46460,1.46120,1.46440,114524,1646568059999,167495.29060,371,42184,61701.21190,0
1646568060000,1.46450,1.46750,1.46450,1.46690,156882,1646568119999,229949.27360,670,113233,165985.15980,0
1646568120000,1.46700,1.46950,1.46610,1.46610,231552,1646568179999,339933.86450,687,137540,201939.28640,0
1646568180000,1.46600,1.46690,1.46550,1.46690,49368,1646568239999,72372.01520,231,28557,41866.50030,0
1646568240000,1.46680,1.46790,1.46640,1.46730,66802,1646568299999,98012.33320,298,37509,55035.98550,0
1646568300000,1.46750,1.46860,1.46640,1.46860,105750,1646568359999,155166.73450,342,70914,104053.88540,0
1646568360000,1.46860,1.46900,1.46420,1.46490,112926,1646568419999,165630.40140,368,59574,87415.11880,0
1646568420000,1.46500,1.46610,1.46300,1.46560,59721,1646568479999,87464.39430,263,30427,44562.30440,0
1646568480000,1.46570,1.46590,1.46440,1.46490,36078,1646568539999,52855.94960,192,17632,25835.24060,0
1646568540000,1.46480,1.46570,1.46350,1.46350,151383,1646568599999,221749.67470,345,94079,137823.03730,0
1646568600000,1.46360,1.46380,1.46240,1.46310,164179,1646568659999,240222.54880,320,72752,106457.01430,0
1646568660000,1.46310,1.46440,1.46280,1.46370,76511,1646568719999,111966.89010,170,24577,35970.13340,0
1646568720000,1.46370,1.46420,1.46280,1.46410,37410,1646568779999,54759.47460,141,27950,40915.87100,0
1646568780000,1.46370,1.46380,1.46180,1.46380,93502,1646568839999,136770.35770,226,44044,64416.09850,0
1646568840000,1.46380,1.46380,1.46110,1.46170,117824,1646568899999,172266.25230,305,32910,48123.01120,0
1646568900000,1.46170,1.46230,1.46010,1.46030,70739,1646568959999,103373.11800,226,25032,36590.97850,0
1646568960000,1.46020,1.46170,1.46000,1.46060,117987,1646569019999,172382.85770,281,95158,139032.44350,0
1646569020000,1.46060,1.46150,1.46010,1.46100,44016,1646569079999,64292.55370,161,18764,27413.86030,0
1646569080000,1.46070,1.46450,1.46050,1.46320,139176,1646569139999,203707.75050,222,109785,160697.88650,0
1646569140000,1.46320,1.46330,1.46180,1.46310,32172,1646569199999,47053.69750,139,15705,22968.87700,0
1646569200000,1.46310,1.46320,1.46170,1.46300,27578,1646569259999,40335.31270,119,8985,13140.40120,0
1646569260000,1.46300,1.46430,1.46240,1.46240,67711,1646569319999,99091.85090,178,26419,38663.89310,0
1646569320000,1.46240,1.46720,1.46240,1.46680,209826,1646569379999,307468.76280,408,128410,188130.32320,0
1646569380000,1.46730,1.47130,1.46680,1.46730,492051,1646569439999,722845.81080,1093,271005,398209.12690,0
1646569440000,1.46720,1.46720,1.46530,1.46670,108738,1646569499999,159425.90170,280,59839,87738.06850,0
1646569500000,1.46670,1.46710,1.46510,1.46570,77277,1646569559999,113298.75140,270,35354,51840.72640,0
1646569560000,1.46560,1.46700,1.46530,1.46700,26088,1646569619999,38249.13040,141,15592,22860.77170,0
1646569620000,1.46710,1.46920,1.46530,1.46790,335775,1646569679999,492476.75510,636,90610,132904.76240,0
1646569680000,1.46780,1.46970,1.46660,1.46910,76402,1646569739999,112187.26380,331,41309,60647.11510,0
1646569740000,1.46890,1.46940,1.46760,1.46780,30509,1646569799999,44800.06570,184,14970,21982.21150,0
1646569800000,1.46780,1.46990,1.46780,1.46980,76570,1646569859999,112477.38640,378,59066,86765.62980,0
1646569860000,1.46980,1.47330,1.46950,1.47130,214754,1646569919999,316102.33170,574,164305,241889.35200,0
1646569920000,1.47150,1.47250,1.47000,1.47230,190220,1646569979999,279823.73770,397,119560,175903.55530,0
1646569980000,1.47230,1.47480,1.47210,1.47370,282165,1646570039999,415821.57320,676,177419,261492.05820,0
1646570040000,1.47370,1.47390,1.47190,1.47190,125267,1646570099999,184494.35690,358,33734,49694.33790,0
1646570100000,1.47190,1.47190,1.46950,1.46950,90435,1646570159999,132985.86810,319,31137,45788.63160,0
1646570160000,1.46960,1.46970,1.46700,1.46770,129845,1646570219999,190609.41230,387,42306,62099.11970,0
1646570220000,1.46760,1.46790,1.46680,1.46700,81254,1646570279999,119233.80890,253,46627,68425.12540,0
1646570280000,1.46710,1.46710,1.46430,1.46510,215690,1646570339999,316074.17940,470,42734,62618.02920,0
1646570340000,1.46510,1.46520,1.46210,1.46260,104100,1646570399999,152435.85990,320,21149,30966.98610,0
1646570400000,1.46240,1.46320,1.46150,1.46290,132474,1646570459999,193703.86340,411,70282,102774.53570,0
1646570460000,1.46270,1.46370,1.46020,1.46100,395261,1646570519999,577608.68300,620,62503,91394.80870,0
1646570520000,1.46120,1.46180,1.46070,1.46140,80017,1646570579999,116930.81090,227,46684,68226.21170,0
1646570580000,1.46140,1.46430,1.46040,1.46420,109023,1646570639999,159385.37320,288,50229,73469.85130,0
1646570640000,1.46430,1.46490,1.46260,1.46400,51278,1646570699999,75069.60750,233,29300,42898.23030,0
1646570700000,1.46390,1.46460,1.46190,1.46200,68073,1646570759999,99564.62170,196,33967,49685.86880,0
1646570760000,1.46200,1.46240,1.45760,1.45920,281681,1646570819999,411077.30540,606,101403,147998.40190,0
1646570820000,1.45940,1.46100,1.45920,1.46000,183139,1646570879999,267455.76410,329,130849,191114.31490,0
1646570880000,1.46020,1.46300,1.46010,1.46260,38826,1646570939999,56742.36670,229,24017,35099.48070,0
1646570940000,1.46250,1.46440,1.46220,1.46400,47033,1646570999999,68816.48880,249,25012,36597.89860,0
1646571000000,1.46400,1.46550,1.46270,1.46290,125176,1646571059999,183282.29790,284,22306,32665.27930,0
1646571060000,1.46290,1.46530,1.46290,1.46410,56530,1646571119999,82785.89980,205,31992,46845.87870,0
1646571120000,1.46440,1.46800,1.46440,1.46780,161502,1646571179999,236779.34910,343,136793,200527.08340,0
1646571180000,1.46770,1.46890,1.46710,1.46870,61588,1646571239999,90410.72000,224,35744,52473.35330,0
1646571240000,1.46870,1.47030,1.46790,1.46850,47024,1646571299999,69081.38640,275,24731,36329.70470,0
1646571300000,1.46890,1.46970,1.46810,1.46840,66312,1646571359999,97393.74200,204,10871,15969.01100,0
1646571360000,1.46860,1.46910,1.46610,1.46620,52391,1646571419999,76894.02610,226,17973,26387.86610,0
1646571420000,1.46610,1.46810,1.46610,1.46770,48140,1646571479999,70631.93830,188,30374,44569.76760,0
1646571480000,1.46740,1.46790,1.46560,1.46590,52142,1646571539999,76497.27260,185,27323,40095.37220,0
1646571540000,1.46620,1.46710,1.46510,1.46520,41427,1646571599999,60744.71220,130,9397,13778.34210,0
1646571600000,1.46530,1.46810,1.46530,1.46810,49691,1646571659999,72883.97810,231,27077,39724.18330,0
1646571660000,1.46820,1.46990,1.46820,1.46990,50526,1646571719999,74230.36890,220,34778,51098.09160,0
1646571720000,1.46990,1.47140,1.46960,1.47080,92135,1646571779999,135478.45780,347,58971,86711.67660,0
1646571780000,1.47050,1.47230,1.47020,1.47080,191377,1646571839999,281602.78370,468,85910,126418.04540,0
1646571840000,1.47090,1.47290,1.47060,1.47260,164927,1646571899999,242786.11370,416,123907,182394.99010,0
1646571900000,1.47260,1.47260,1.47120,1.47250,62561,1646571959999,92085.96380,326,35912,52858.22760,0
1646571960000,1.47230,1.47250,1.47160,1.47220,52934,1646572019999,77924.47340,280,26330,38762.83280,0
1646572020000,1.47210,1.47380,1.47200,1.47320,186486,1646572079999,274698.91600,501,146664,216050.16950,0
1646572080000,1.47310,1.47330,1.47200,1.47310,76242,1646572139999,112271.99110,298,42678,62853.46520,0
1646572140000,1.47310,1.47320,1.47160,1.47180,57301,1646572199999,84370.97690,246,14445,21269.40590,0
1646572200000,1.47180,1.47220,1.46920,1.47100,135432,1646572259999,199138.21600,391,33935,49917.08430,0
1646572260000,1.47110,1.47150,1.47060,1.47090,52892,1646572319999,77802.90270,265,21419,31507.88550,0
1646572320000,1.47090,1.47300,1.47090,1.47260,106637,1646572379999,156980.37050,297,68253,100471.81010,0
1646572380000,1.47280,1.47670,1.47260,1.47670,199461,1646572439999,294147.89740,617,151855,223953.67450,0
1646572440000,1.47680,1.47940,1.47530,1.47530,409648,1646572499999,605326.32120,868,259847,384074.96000,0
1646572500000,1.47530,1.47800,1.47530,1.47760,101737,1646572559999,150304.53990,283,52273,77227.14250,0
1646572560000,1.47760,1.47880,1.47580,1.47830,140912,1646572619999,208213.30980,387,75026,110869.17060,0
1646572620000,1.47840,1.48410,1.47820,1.48280,434324,1646572679999,643501.50810,1286,281117,416546.29710,0
1646572680000,1.48290,1.48550,1.48230,1.48340,277722,1646572739999,412250.75840,810,181608,269615.04510,0
1646572740000,1.48350,1.48420,1.47940,1.48010,199729,1646572799999,295921.56700,587,64347,95403.22920,0
1646572800000,1.47970,1.48090,1.47910,1.47910,77346,1646572859999,114449.24160,320,38626,57157.42200,0
1646572860000,1.47930,1.47990,1.47620,1.47740,173765,1646572919999,256772.30000,549,94094,139047.30280,0
1646572920000,1.47740,1.47890,1.47680,1.47730,115393,1646572979999,170475.95600,282,38938,57529.51930,0
1646572980000,1.47740,1.48060,1.47660,1.47940,94147,1646573039999,139270.95840,315,59936,88666.35490,0
1646573040000,1.47910,1.48040,1.47740,1.47960,108200,1646573099999,160058.68800,328,80104,118505.04930,0
1646573100000,1.47990,1.48000,1.47740,1.47800,74352,1646573159999,109964.33870,262,26131,38645.31030,0
1646573160000,1.47820,1.47970,1.47740,1.47810,39096,1646573219999,57809.19560,228,20627,30506.36700,0
1646573220000,1.47800,1.47850,1.47670,1.47820,62169,1646573279999,91851.27510,229,24212,35772.22550,0
1646573280000,1.47820,1.47830,1.47670,1.47680,26675,1646573339999,39405.90000,164,8465,12505.65210,0
1646573340000,1.47670,1.47900,1.47640,1.47890,62687,1646573399999,92611.26370,183,40208,59414.35330,0
1646573400000,1.47840,1.48200,1.47840,1.48070,164265,1646573459999,243152.29660,390,108343,160344.73790,0
1646573460000,1.48080,1.48200,1.47960,1.48010,92089,1646573519999,136331.25580,271,43352,64187.89800,0
1646573520000,1.48000,1.48360,1.48000,1.48170,95056,1646573579999,140864.83510,346,72250,107062.62410,0
1646573580000,1.48160,1.48500,1.48160,1.48400,83466,1646573639999,123829.55840,316,46246,68612.46340,0
1646573640000,1.48390,1.48390,1.48110,1.48130,84354,1646573699999,125042.80140,290,18170,26928.23890,0
1646573700000,1.48120,1.48290,1.48100,1.48230,29610,1646573759999,43885.81850,233,18784,27842.13330,0
1646573760000,1.48250,1.48570,1.48250,1.48430,223789,1646573819999,332249.39350,459,167569,248779.09660,0
1646573820000,1.48420,1.48460,1.48250,1.48260,182771,1646573879999,271119.32540,370,103125,152993.97950,0
1646573880000,1.48260,1.48550,1.48260,1.48470,66859,1646573939999,99248.63630,289,43357,64362.28760,0
1646573940000,1.48510,1.48550,1.48340,1.48450,101688,1646573999999,150963.65840,283,58430,86765.81380,0
1646574000000,1.48440,1.48510,1.48370,1.48400,86154,1646574059999,127876.56560,275,42135,62545.04360,0
1646574060000,1.48400,1.48430,1.48070,1.48110,279676,1646574119999,414647.88350,482,23080,34230.49590,0
1646574120000,1.48110,1.48170,1.47810,1.47890,212191,1646574179999,313830.83420,500,32413,47952.41620,0
1646574180000,1.47880,1.48270,1.47880,1.48170,140507,1646574239999,208175.28520,403,95372,141308.94650,0
1646574240000,1.48170,1.48280,1.48120,1.48230,23039,1646574299999,34146.70570,189,13655,20239.55960,0
1646574300000,1.48230,1.48460,1.47970,1.47970,130716,1646574359999,193784.03510,386,42737,63371.92030,0
1646574360000,1.47970,1.48090,1.47910,1.47950,121260,1646574419999,179445.53750,297,23235,34387.54480,0
1646574420000,1.47940,1.48190,1.47900,1.48090,68401,1646574479999,101253.16430,269,42726,63254.25260,0
1646574480000,1.48090,1.48150,1.48040,1.48090,33576,1646574539999,49719.45190,160,17846,26428.03440,0
1646574540000,1.48090,1.48140,1.48000,1.48070,33448,1646574599999,49527.32330,161,1556,2304.74720,0
1646574600000,1.48080,1.48120,1.47940,1.47940,57543,1646574659999,85167.08990,170,2131,3154.51040,0
1646574660000,1.47930,1.48010,1.47910,1.47950,41583,1646574719999,61524.12600,191,17567,25995.33350,0
1646574720000,1.47950,1.47990,1.47800,1.47870,36398,1646574779999,53840.14450,157,16344,24178.40420,0
1646574780000,1.47870,1.47970,1.47810,1.47890,34210,1646574839999,50601.32600,165,17771,26288.81800,0
1646574840000,1.47890,1.48080,1.47890,1.48060,40023,1646574899999,59238.14830,224,30808,45600.19220,0
1646574900000,1.48080,1.48110,1.47940,1.47960,12071,1646574959999,17868.74950,154,5276,7812.08080,0
1646574960000,1.47940,1.48020,1.47900,1.47900,40952,1646575019999,60579.25820,173,2931,4336.90070,0
1646575020000,1.47910,1.47940,1.47710,1.47770,64660,1646575079999,95574.16660,259,33906,50114.34780,0
1646575080000,1.47770,1.47880,1.47710,1.47830,123045,1646575139999,181879.21420,251,98525,145646.97340,0
1646575140000,1.47860,1.47880,1.47740,1.47830,51196,1646575199999,75676.04680,219,27036,39964.59400,0
1646575200000,1.47820,1.47910,1.47760,1.47820,75252,1646575259999,111246.48600,284,33342,49297.23260,0
1646575260000,1.47830,1.47850,1.47750,1.47790,18441,1646575319999,27258.72460,160,2093,3093.93620,0
1646575320000,1.47810,1.47890,1.47370,1.47370,249106,1646575379999,367621.17050,493,36081,53289.01910,0
1646575380000,1.47370,1.47580,1.47370,1.47450,104667,1646575439999,154352.46550,354,51633,76139.39060,0
1646575440000,1.47460,1.47580,1.47420,1.47420,61066,1646575499999,90087.64400,263,27358,40365.02060,0
1646575500000,1.47430,1.47550,1.47320,1.47320,65393,1646575559999,96431.39160,318,36011,53117.79070,0
1646575560000,1.47310,1.47330,1.46990,1.47000,216188,1646575619999,318132.97950,629,78547,115604.93420,0
1646575620000,1.47050,1.47110,1.46860,1.47100,190544,1646575679999,280060.38850,544,81924,120429.00890,0
1646575680000,1.47110,1.47190,1.47040,1.47110,59771,1646575739999,87941.43590,280,39035,57434.46820,0
1646575740000,1.47110,1.47250,1.47020,1.47030,52385,1646575799999,77073.43070,265,19341,28464.18860,0
1646575800000,1.47040,1.47490,1.47000,1.47490,131451,1646575859999,193482.04890,319,98374,144788.55500,0
1646575860000,1.47480,1.47720,1.47470,1.47600,114485,1646575919999,168983.48630,357,49402,72907.77530,0
1646575920000,1.47600,1.47750,1.47440,1.47540,131873,1646575979999,194645.56520,369,55931,82567.02300,0
1646575980000,1.47530,1.47570,1.47280,1.47280,34106,1646576039999,50281.42720,193,14217,20965.59640,0
1646576040000,1.47300,1.47500,1.47260,1.47500,49943,1646576099999,73585.59000,232,39434,58098.44520,0
1646576100000,1.47490,1.47630,1.47340,1.47630,47407,1646576159999,69905.81060,230,29519,43534.17890,0
1646576160000,1.47610,1.47640,1.47150,1.47160,67384,1646576219999,99330.31700,262,20541,30283.74070,0
1646576220000,1.47160,1.47360,1.47160,1.47310,56581,1646576279999,83321.69440,212,45887,67580.20520,0
1646576280000,1.47320,1.47400,1.47290,1.47380,16494,1646576339999,24302.60580,155,9622,14178.14350,0
1646576340000,1.47360,1.47420,1.47320,1.47330,19557,1646576399999,28818.38630,145,10932,16109.04060,0
1646576400000,1.47310,1.47360,1.47150,1.47350,67493,1646576459999,99356.16870,197,16500,24295.48520,0
1646576460000,1.47360,1.47390,1.47150,1.47200,33989,1646576519999,50041.52980,175,13260,19524.75660,0
1646576520000,1.47200,1.47230,1.46940,1.46990,88024,1646576579999,129476.16770,236,18701,27500.41380,0
1646576580000,1.46980,1.47140,1.46960,1.46960,102523,1646576639999,150758.75560,264,70577,103798.31030,0
1646576640000,1.46960,1.47020,1.46850,1.46910,68176,1646576699999,100179.31890,285,18872,27734.18610,0
1646576700000,1.46880,1.47050,1.46860,1.46890,143842,1646576759999,211398.24440,322,101102,148596.25130,0
1646576760000,1.46890,1.46960,1.46750,1.46840,127674,1646576819999,187474.98260,370,34432,50585.93950,0
1646576820000,1.46850,1.47130,1.46850,1.47030,96111,1646576879999,141312.48650,232,68213,100290.82110,0
1646576880000,1.46990,1.47070,1.46930,1.47010,64733,1646576939999,95155.13800,187,15912,23392.20990,0
1646576940000,1.47020,1.47200,1.47000,1.47160,56753,1646576999999,83497.52320,236,32630,48010.60490,0
1646577000000,1.47150,1.47360,1.46980,1.46980,144508,1646577059999,212785.33950,329,108415,159689.09390,0
1646577060000,1.47000,1.47250,1.46880,1.47250,145826,1646577119999,214302.28670,262,91781,134875.90640,0
1646577120000,1.47260,1.47580,1.47260,1.47570,148325,1646577179999,218685.32320,409,68649,101231.03400,0
1646577180000,1.47570,1.47750,1.47560,1.47630,125365,1646577239999,185096.54970,371,44469,65660.34430,0
1646577240000,1.47630,1.47910,1.47590,1.47690,143173,1646577299999,211549.10360,403,90536,133762.46150,0
1646577300000,1.47720,1.47720,1.47500,1.47510,60104,1646577359999,88703.50520,178,16087,23741.21660,0
1646577360000,1.47500,1.47500,1.47270,1.47430,135015,1646577419999,199039.75760,303,58938,86900.60000,0
1646577420000,1.47430,1.47690,1.47380,1.47580,133962,1646577479999,197616.94620,233,108908,160663.67830,0
1646577480000,1.47570,1.47650,1.47500,1.47510,50457,1646577539999,74461.10700,190,12054,17788.92550,0
1646577540000,1.47510,1.47640,1.47420,1.47460,47136,1646577599999,69521.96600,158,10849,16007.34500,0
1646577600000,1.47460,1.47480,1.47240,1.47380,83620,1646577659999,123213.24490,221,42984,63340.39460,0
1646577660000,1.47390,1.47630,1.47360,1.47600,28786,1646577719999,42461.31350,165,23290,34356.71060,0
1646577720000,1.47560,1.47630,1.47430,1.47440,74278,1646577779999,109571.42500,196,14854,21914.47050,0
1646577780000,1.47460,1.47620,1.47320,1.47560,197432,1646577839999,291055.42430,314,80700,118974.28700,0
1646577840000,1.47570,1.47720,1.47540,1.47680,37873,1646577899999,55908.08150,200,10665,15743.78680,0
1646577900000,1.47670,1.47680,1.47450,1.47500,58913,1646577959999,86959.93600,178,14510,21411.79640,0
1646577960000,1.47490,1.47550,1.47400,1.47530,32922,1646578019999,48557.95710,175,11013,16244.07490,0
1646578020000,1.47540,1.47580,1.47450,1.47460,22860,1646578079999,33722.78020,132,7051,10402.31320,0
1646578080000,1.47460,1.47510,1.47380,1.47460,49411,1646578139999,72865.31560,151,7849,11574.47120,0
1646578140000,1.47450,1.47590,1.47450,1.47530,11907,1646578199999,17564.25590,161,5538,8169.72680,0
1646578200000,1.47530,1.47670,1.47530,1.47660,66743,1646578259999,98523.60570,167,17558,25915.09650,0
1646578260000,1.47660,1.47790,1.47490,1.47490,58711,1646578319999,86722.30450,251,24154,35681.18130,0
1646578320000,1.47520,1.47520,1.47230,1.47280,113857,1646578379999,167804.32600,274,70523,103952.08050,0
1646578380000,1.47290,1.47320,1.47150,1.47160,84290,1646578439999,124084.82170,220,36407,53597.46360,0
1646578440000,1.47180,1.47260,1.47110,1.47110,62691,1646578499999,92278.60030,171,27689,40758.51630,0
1646578500000,1.47120,1.47200,1.47070,1.47100,42022,1646578559999,61826.60050,235,20221,29752.06180,0
1646578560000,1.47110,1.47190,1.47090,1.47120,17188,1646578619999,25290.78420,127,10456,15384.99020,0
1646578620000,1.47120,1.47250,1.47110,1.47200,32759,1646578679999,48221.78380,181,28352,41733.84000,0
1646578680000,1.47220,1.47260,1.47110,1.47230,56142,1646578739999,82632.58990,172,25797,37970.69550,0
1646578740000,1.47230,1.47240,1.46880,1.46960,133552,1646578799999,196401.95790,286,32709,48083.04080,0
1646578800000,1.46930,1.47120,1.46790,1.46830,319677,1646578859999,469665.64270,723,162788,239239.59790,0
1646578860000,1.46850,1.46850,1.46460,1.46480,311470,1646578919999,456717.82530,911,69592,102030.05620,0
1646578920000,1.46480,1.46480,1.46270,1.46340,321067,1646578979999,469962.56170,979,106506,155938.71250,0
1646578980000,1.46370,1.46640,1.46360,1.46540,205704,1646579039999,301435.91550,554,155803,228324.07770,0
1646579040000,1.46540,1.46710,1.46530,1.46650,116510,1646579099999,170820.06900,386,58603,85922.23390,0
1646579100000,1.46650,1.46690,1.46450,1.46500,63447,1646579159999,92983.02170,304,25141,36844.69620,0
1646579160000,1.46490,1.46580,1.46330,1.46390,111572,1646579219999,163373.56940,391,46027,67404.61340,0
1646579220000,1.46390,1.46400,1.46120,1.46250,134914,1646579279999,197366.09460,483,61799,90419.61350,0
1646579280000,1.46250,1.46260,1.45900,1.46070,363046,1646579339999,530243.61810,875,132307,193243.74820,0
1646579340000,1.46070,1.46160,1.46010,1.46120,82315,1646579399999,120265.46400,405,49691,72604.41630,0
1646579400000,1.46110,1.46430,1.46110,1.46330,79939,1646579459999,116961.35020,436,60264,88176.97540,0
1646579460000,1.46320,1.46410,1.46280,1.46350,69580,1646579519999,101823.73650,373,43632,63852.57480,0
1646579520000,1.46330,1.46580,1.46290,1.46500,263223,1646579579999,385541.69720,519,175653,257317.80900,0
1646579580000,1.46500,1.46650,1.46470,1.46600,102469,1646579639999,150164.23240,388,46380,67973.99590,0
1646579640000,1.46600,1.46680,1.46450,1.46500,108230,1646579699999,158643.78310,442,41347,60618.49690,0
1646579700000,1.46500,1.46590,1.46470,1.46490,60772,1646579759999,89046.24560,318,15806,23160.83650,0
1646579760000,1.46490,1.46780,1.46490,1.46680,106498,1646579819999,156199.86730,379,65798,96510.19360,0
1646579820000,1.46660,1.46820,1.46420,1.46420,109231,1646579879999,160236.90080,446,53630,78693.06020,0
1646579880000,1.46400,1.46510,1.46360,1.46460,91983,1646579939999,134676.10820,346,40525,59341.07980,0
1646579940000,1.46460,1.46470,1.45970,1.46060,176751,1646579999999,258290.88750,537,55388,80933.11420,0
1646580000000,1.46090,1.46190,1.45960,1.46030,168492,1646580059999,246048.90640,374,122105,178311.03980,0
1646580060000,1.46030,1.46200,1.46000,1.46160,157941,1646580119999,230779.83750,420,87171,127395.90850,0
1646580120000,1.46150,1.46490,1.46150,1.46370,121467,1646580179999,177726.47680,336,95277,139405.22620,0
1646580180000,1.46380,1.46480,1.46230,1.46400,162959,1646580239999,238405.05630,253,119407,174680.38080,0
1646580240000,1.46400,1.46460,1.46260,1.46280,50197,1646580299999,73481.02000,268,19349,28322.62840,0
1646580300000,1.46270,1.46500,1.46270,1.46400,29328,1646580359999,42931.52220,275,19924,29166.52840,0
1646580360000,1.46390,1.46510,1.46360,1.46480,25146,1646580419999,36826.21370,236,12360,18102.79090,0
1646580420000,1.46460,1.46540,1.46390,1.46470,54788,1646580479999,80258.87110,255,21714,31805.22230,0
1646580480000,1.46480,1.46620,1.46460,1.46580,82382,1646580539999,120724.73710,282,29091,42633.06550,0
1646580540000,1.46580,1.46610,1.46460,1.46460,24882,1646580599999,36464.36750,212,4054,5940.75700,0
1646580600000,1.46460,1.46640,1.46460,1.46570,67700,1646580659999,99238.99540,284,45614,66865.96250,0
1646580660000,1.46560,1.46700,1.46560,1.46600,41392,1646580719999,60696.20640,278,22311,32716.61440,0
1646580720000,1.46610,1.46610,1.46270,1.46380,135301,1646580779999,198175.82410,409,28594,41893.83690,0
1646580780000,1.46380,1.46440,1.46280,1.46290,77351,1646580839999,113223.20700,293,24865,36401.49650,0
1646580840000,1.46270,1.46270,1.46100,1.46160,99259,1646580899999,145098.94280,393,28716,41978.08160,0
1646580900000,1.46160,1.46560,1.46160,1.46450,114891,1646580959999,168108.36360,371,73120,106991.95920,0
1646580960000,1.46460,1.46980,1.46450,1.46920,233927,1646581019999,343362.09440,547,190995,280390.12440,0
1646581020000,1.46940,1.47070,1.46880,1.46890,168083,1646581079999,247021.53710,490,67885,99777.32330,0
1646581080000,1.46890,1.46950,1.46750,1.46930,94533,1646581139999,138820.11180,274,28780,42274.30130,0
1646581140000,1.46910,1.47000,1.46760,1.46860,275167,1646581199999,404223.04620,395,191329,281079.68710,0
1646581200000,1.46860,1.46990,1.46830,1.46950,39391,1646581259999,57871.68360,197,9543,14021.61670,0
1646581260000,1.46950,1.47270,1.46900,1.47140,156513,1646581319999,230219.41550,506,83712,123140.86390,0
1646581320000,1.47140,1.47290,1.47050,1.47160,82105,1646581379999,120846.46580,294,37724,55519.75940,0
1646581380000,1.47140,1.47190,1.46970,1.46970,54387,1646581439999,80006.20750,254,24000,35302.21130,0
1646581440000,1.46980,1.47180,1.46970,1.47110,56079,1646581499999,82502.78140,239,30314,44598.03290,0
1646581500000,1.47110,1.47260,1.47080,1.47210,41093,1646581559999,60477.54700,308,19068,28062.14870,0
1646581560000,1.47210,1.47260,1.47140,1.47190,56933,1646581619999,83806.39140,242,30057,44242.88210,0
1646581620000,1.47190,1.47290,1.47160,1.47190,65559,1646581679999,96523.22440,253,40029,58936.33480,0
1646581680000,1.47230,1.47230,1.46960,1.46980,56334,1646581739999,82859.54310,225,9639,14185.07990,0
1646581740000,1.46990,1.47080,1.46890,1.47060,39316,1646581799999,57794.92730,185,21467,31559.41700,0
1646581800000,1.47070,1.47080,1.46940,1.47040,26414,1646581859999,38834.81380,183,14163,20825.13570,0
1646581860000,1.47030,1.47110,1.46810,1.46930,99897,1646581919999,146828.69970,296,26685,39216.69810,0
1646581920000,1.46940,1.47070,1.46900,1.47070,54422,1646581979999,79986.43710,187,27636,40625.61930,0
1646581980000,1.47070,1.47090,1.46960,1.47020,43907,1646582039999,64555.37980,173,13896,20432.55070,0
1646582040000,1.46980,1.47180,1.46980,1.47150,26483,1646582099999,38962.62960,143,19353,28476.70030,0
1646582100000,1.47130,1.47320,1.47060,1.47210,83059,1646582159999,122270.43360,284,45794,67417.06610,0
1646582160000,1.47220,1.47310,1.47210,1.47310,29034,1646582219999,42756.16150,194,18198,26800.37380,0
1646582220000,1.47300,1.47310,1.47000,1.47150,151632,1646582279999,223127.65290,350,32598,47957.44790,0
1646582280000,1.47140,1.47170,1.46890,1.47020,106246,1646582339999,156203.86110,287,26927,39584.27640,0
1646582340000,1.47030,1.47150,1.47030,1.47100,60376,1646582399999,88809.34990,154,25526,37543.25360,0
1646582400000,1.47080,1.47100,1.46840,1.46870,77276,1646582459999,113558.39890,276,11211,16476.87480,0
1646582460000,1.46880,1.47110,1.46840,1.47070,68080,1646582519999,100077.39160,219,41126,60458.79560,0
1646582520000,1.47070,1.47290,1.46940,1.47070,94989,1646582579999,139717.51280,305,58226,85624.08260,0
1646582580000,1.47080,1.47740,1.47080,1.47650,353902,1646582639999,522037.56180,947,225407,332547.94480,0
1646582640000,1.47640,1.47870,1.47460,1.47570,256307,1646582699999,378497.86260,628,105847,156344.06710,0
1646582700000,1.47560,1.47560,1.47220,1.47230,108563,1646582759999,159948.98910,359,39381,58032.22230,0
1646582760000,1.47220,1.47290,1.46620,1.46690,193291,1646582819999,283980.00870,567,81654,119984.96690,0
1646582820000,1.46710,1.46980,1.46460,1.46890,161312,1646582879999,236606.44480,521,94005,137898.55170,0
1646582880000,1.46900,1.47130,1.46890,1.46990,60996,1646582939999,89695.01120,271,32926,48423.59730,0
1646582940000,1.46980,1.47140,1.46970,1.47060,71546,1646582999999,105206.41070,239,44073,64807.18840,0
1646583000000,1.47050,1.47240,1.46970,1.47240,91122,1646583059999,134038.85970,301,58236,85672.46620,0
1646583060000,1.47240,1.48080,1.47200,1.47930,610669,1646583119999,902217.33140,1214,421117,622435.40460,0
1646583120000,1.47940,1.48120,1.47610,1.48040,450838,1646583179999,666917.03480,963,211708,313223.97920,0
1646583180000,1.48030,1.48220,1.47780,1.48130,228807,1646583239999,338648.28080,734,112289,166269.64550,0
1646583240000,1.48130,1.48170,1.47980,1.48070,105544,1646583299999,156259.83780,434,34551,51155.43600,0
1646583300000,1.48070,1.48150,1.47920,1.48020,142040,1646583359999,210262.78210,387,56263,83304.78920,0
1646583360000,1.48040,1.48500,1.48030,1.48460,351207,1646583419999,521052.70210,788,279621,414871.77300,0
1646583420000,1.48460,1.48460,1.48150,1.48430,216553,1646583479999,321083.96160,597,73025,108291.00610,0
1646583480000,1.48430,1.48450,1.48110,1.48170,124220,1646583539999,184141.13900,383,44997,66704.61350,0
1646583540000,1.48180,1.48500,1.48130,1.48480,101565,1646583599999,150669.68640,397,60611,89929.81030,0
1646583600000,1.48470,1.48540,1.48200,1.48300,146510,1646583659999,217430.71300,471,91217,135403.67040,0
1646583660000,1.48300,1.48350,1.48160,1.48270,107451,1646583719999,159267.23200,324,48367,71690.82740,0
1646583720000,1.48260,1.48390,1.48120,1.48190,110063,1646583779999,163171.61260,310,52306,77571.68560,0
1646583780000,1.48210,1.48520,1.48160,1.48360,124876,1646583839999,185298.31850,529,68907,102245.92030,0
1646583840000,1.48370,1.48620,1.48320,1.48470,152516,1646583899999,226446.32190,476,93909,139438.06170,0
1646583900000,1.48470,1.48540,1.48270,1.48340,136999,1646583959999,203304.67190,392,49415,73372.85880,0
1646583960000,1.48360,1.48600,1.48310,1.48580,233296,1646584019999,346424.76680,393,191260,284031.24870,0
1646584020000,1.48570,1.48570,1.48340,1.48510,222186,1646584079999,329793.02620,342,41516,61648.93190,0
1646584080000,1.48510,1.48580,1.48410,1.48480,217935,1646584139999,323639.08700,383,136423,202626.94880,0
1646584140000,1.48460,1.48580,1.48410,1.48500,151644,1646584199999,225199.04320,285,120080,178330.91590,0
1646584200000,1.48480,1.48670,1.48480,1.48660,176825,1646584259999,262725.51110,506,86238,128154.78360,0
1646584260000,1.48670,1.48690,1.48190,1.48240,172103,1646584319999,255472.56180,511,32937,48875.07510,0
1646584320000,1.48240,1.48330,1.48130,1.48290,79170,1646584379999,117344.92830,271,49284,73052.45980,0
1646584380000,1.48280,1.48380,1.48160,1.48160,57774,1646584439999,85664.77000,221,23512,34867.21710,0
1646584440000,1.48150,1.48220,1.48000,1.48030,107155,1646584499999,158668.84530,295,17713,26230.01000,0
1646584500000,1.48080,1.48080,1.47630,1.47870,189336,1646584559999,279944.27170,566,52737,77943.25850,0
1646584560000,1.47860,1.47990,1.47710,1.47800,76332,1646584619999,112853.18350,338,34790,51446.32130,0
1646584620000,1.47790,1.48000,1.47780,1.47930,139808,1646584679999,206849.49880,263,126710,187474.71690,0
1646584680000,1.47940,1.48060,1.47880,1.47950,83356,1646584739999,123358.52180,237,50051,74076.61250,0
1646584740000,1.47970,1.48010,1.47800,1.47850,37997,1646584799999,56197.63010,222,10855,16054.16800,0
1646584800000,1.47840,1.47840,1.47730,1.47770,63984,1646584859999,94562.49990,246,29776,44010.52500,0
1646584860000,1.47780,1.47890,1.47730,1.47760,61376,1646584919999,90714.63170,217,30104,44501.99500,0
1646584920000,1.47760,1.47880,1.47760,1.47860,50196,1646584979999,74202.64950,182,17564,25965.48470,0
1646584980000,1.47850,1.47870,1.47750,1.47780,52199,1646585039999,77151.75600,178,28839,42622.74480,0
1646585040000,1.47790,1.47960,1.47650,1.47950,67966,1646585099999,100460.17590,232,31256,46205.28680,0
1646585100000,1.47950,1.47970,1.47810,1.47850,41843,1646585159999,61877.28640,166,17399,25726.03410,0
1646585160000,1.47860,1.47930,1.47820,1.47860,31820,1646585219999,47051.98580,163,14414,21313.63620,0
1646585220000,1.47860,1.47860,1.47690,1.47730,61538,1646585279999,90923.08920,179,8926,13187.85920,0
1646585280000,1.47720,1.47780,1.47690,1.47730,87858,1646585339999,129790.42700,223,32473,47977.48800,0
1646585340000,1.47750,1.47960,1.47750,1.47960,26994,1646585399999,39927.11170,161,20294,30017.10670,0
1646585400000,1.47960,1.48020,1.47860,1.47920,57515,1646585459999,85086.03450,220,45240,66931.56020,0
1646585460000,1.47940,1.47940,1.47790,1.47810,37929,1646585519999,56076.53850,183,20946,30967.73690,0
1646585520000,1.47810,1.48140,1.47810,1.48050,121154,1646585579999,179291.53410,294,100137,148185.89090,0
1646585580000,1.48050,1.48150,1.48050,1.48080,68995,1646585639999,102190.83100,208,38575,57138.11880,0
1646585640000,1.48100,1.48140,1.48000,1.48010,32719,1646585699999,48443.55340,175,10771,15948.97180,0
1646585700000,1.48010,1.48110,1.47990,1.48090,13267,1646585759999,19644.08530,131,8563,12679.90090,0
1646585760000,1.48100,1.48270,1.48090,1.48160,131693,1646585819999,195102.87730,334,111095,164587.97230,0
1646585820000,1.48150,1.48240,1.48120,1.48210,53926,1646585879999,79900.22130,253,33726,49970.68400,0
1646585880000,1.48190,1.48240,1.48090,1.48200,29439,1646585939999,43621.92990,160,15812,23430.08770,0
1646585940000,1.48230,1.48230,1.47930,1.48090,46979,1646585999999,69598.77220,217,6251,9256.31390,0
1646586000000,1.48100,1.48350,1.48100,1.48320,47848,1646586059999,70941.76680,277,36687,54395.44840,0
1646586060000,1.48320,1.48400,1.48280,1.48310,45567,1646586119999,67588.78320,260,20773,30816.71700,0
1646586120000,1.48300,1.48300,1.48030,1.48110,46538,1646586179999,68946.15290,236,13971,20700.65680,0
1646586180000,1.48100,1.48130,1.48010,1.48030,24309,1646586239999,35988.94110,174,5744,8505.24930,0
1646586240000,1.48030,1.48030,1.47560,1.47640,199677,1646586299999,295063.02170,578,72925,107755.88680,0
1646586300000,1.47640,1.47670,1.47290,1.47390,263706,1646586359999,388832.46330,585,88096,129927.94280,0
1646586360000,1.47410,1.47460,1.47150,1.47190,290314,1646586419999,427603.13690,681,128545,189357.40520,0
1646586420000,1.47210,1.47460,1.47210,1.47440,124256,1646586479999,183099.59700,369,73560,108409.50180,0
1646586480000,1.47440,1.47570,1.47410,1.47480,72865,1646586539999,107467.25440,279,33622,49589.38740,0
1646586540000,1.47460,1.47620,1.47430,1.47500,64371,1646586599999,94973.80970,231,43015,63472.17780,0
1646586600000,1.47490,1.47670,1.47480,1.47630,58306,1646586659999,86053.90770,226,31927,47122.46040,0
1646586660000,1.47640,1.47750,1.47610,1.47610,42233,1646586719999,62370.52560,223,28084,41478.42900,0
1646586720000,1.47620,1.47620,1.47420,1.47420,81134,1646586779999,119660.34590,239,16786,24758.44210,0
1646586780000,1.47400,1.47480,1.47370,1.47430,74307,1646586839999,109546.18940,232,30390,44805.46760,0
1646586840000,1.47440,1.47520,1.47410,1.47450,29054,1646586899999,42848.24270,145,15330,22610.51220,0
1646586900000,1.47460,1.47740,1.47440,1.47740,60127,1646586959999,88756.88590,213,48524,71630.43400,0
1646586960000,1.47750,1.47760,1.47590,1.47630,73958,1646587019999,109224.10500,274,35118,51864.34500,0
1646587020000,1.47630,1.47750,1.47560,1.47560,40178,1646587079999,59339.60780,160,26231,38747.48210,0
1646587080000,1.47530,1.47620,1.47510,1.47620,30605,1646587139999,45156.59380,180,14976,22098.11060,0
1646587140000,1.47630,1.47710,1.47610,1.47660,39830,1646587199999,58810.01710,169,14808,21867.51250,0
1646587200000,1.47660,1.47670,1.47500,1.47510,36862,1646587259999,54398.18340,164,6512,9611.09080,0
1646587260000,1.47510,1.47600,1.47510,1.47600,13582,1646587319999,20041.24390,113,9596,14160.73950,0
1646587320000,1.47600,1.47610,1.47510,1.47590,51184,1646587379999,75527.79970,220,33049,48769.48590,0
1646587380000,1.47620,1.47710,1.47500,1.47500,72080,1646587439999,106407.67430,230,13999,20669.60760,0
1646587440000,1.47500,1.47550,1.47440,1.47520,33458,1646587499999,49350.51450,157,11259,16608.79780,0
1646587500000,1.47510,1.47550,1.47420,1.47540,115526,1646587559999,170367.96650,227,45472,67062.97700,0
1646587560000,1.47540,1.47640,1.47460,1.47480,24773,1646587619999,36553.85660,148,12666,18690.56270,0
1646587620000,1.47490,1.47490,1.47160,1.47250,72905,1646587679999,107360.53090,244,50496,74350.70820,0
1646587680000,1.47220,1.47250,1.47150,1.47230,59604,1646587739999,87735.74060,242,27862,41016.07950,0
1646587740000,1.47260,1.47480,1.47240,1.47440,65063,1646587799999,95899.35430,225,55075,81180.43380,0
1646587800000,1.47430,1.47500,1.47300,1.47330,59498,1646587859999,87710.88060,203,16491,24313.82220,0
1646587860000,1.47330,1.47470,1.47330,1.47400,61256,1646587919999,90301.31550,242,47692,70305.40530,0
1646587920000,1.47400,1.47410,1.47160,1.47160,72331,1646587979999,106559.19550,217,23982,35336.91700,0
1646587980000,1.47160,1.47280,1.47100,1.47180,73211,1646588039999,107744.64830,233,26805,39465.87600,0
1646588040000,1.47220,1.47350,1.47200,1.47320,33335,1646588099999,49092.71270,212,25011,36835.87820,0
1646588100000,1.47330,1.47350,1.47260,1.47300,70784,1646588159999,104256.13740,192,7953,11716.30380,0
1646588160000,1.47300,1.47310,1.47180,1.47290,34279,1646588219999,50467.69860,159,9660,14222.41460,0
1646588220000,1.47260,1.47440,1.47250,1.47270,59740,1646588279999,88034.79350,216,40757,60064.26750,0
1646588280000,1.47260,1.47340,1.47200,1.47210,14061,1646588339999,20708.06640,105,5296,7799.60090,0
1646588340000,1.47210,1.47330,1.47200,1.47280,22975,1646588399999,33829.44950,131,16450,24222.04500,0
1646588400000,1.47280,1.47300,1.47200,1.47240,29089,1646588459999,42832.12760,127,17094,25169.78550,0
1646588460000,1.47250,1.47410,1.47250,1.47390,34174,1646588519999,50355.16970,183,22720,33476.33760,0
1646588520000,1.47380,1.47440,1.47310,1.47380,48228,1646588579999,71074.89730,187,37411,55133.51250,0
1646588580000,1.47380,1.47470,1.47380,1.47430,35529,1646588639999,52383.82540,116,16128,23779.30270,0
1646588640000,1.47440,1.47800,1.47440,1.47780,220001,1646588699999,324794.11100,461,175670,259368.82050,0
1646588700000,1.47770,1.47780,1.47570,1.47600,69524,1646588759999,102697.23570,223,31856,47065.36430,0
1646588760000,1.47560,1.47570,1.47380,1.47530,104242,1646588819999,153718.15090,223,73894,108965.12710,0
1646588820000,1.47510,1.47550,1.47480,1.47490,36651,1646588879999,54066.35680,133,8485,12516.59990,0
1646588880000,1.47480,1.47480,1.47270,1.47290,47349,1646588939999,69759.08670,172,6484,9552.35940,0
1646588940000,1.47280,1.47430,1.47200,1.47400,52862,1646588999999,77888.32410,214,29487,43450.80520,0
1646589000000,1.47400,1.47550,1.47400,1.47520,43740,1646589059999,64513.17550,149,30666,45227.75710,0
1646589060000,1.47520,1.47800,1.47520,1.47770,146933,1646589119999,217052.57210,332,102071,150787.08920,0
1646589120000,1.47780,1.47780,1.47530,1.47770,41066,1646589179999,60635.64850,179,14301,21120.06090,0
1646589180000,1.47760,1.47760,1.47680,1.47700,15405,1646589239999,22755.54530,120,4164,6150.80020,0
1646589240000,1.47700,1.47780,1.47620,1.47650,23287,1646589299999,34395.22350,121,5882,8687.85160,0
1646589300000,1.47690,1.47740,1.47650,1.47680,28239,1646589359999,41706.60910,125,9799,14471.36070,0
1646589360000,1.47680,1.47700,1.47530,1.47580,23391,1646589419999,34531.44410,134,9967,14714.80460,0
1646589420000,1.47640,1.47710,1.47560,1.47690,30253,1646589479999,44669.90480,131,13406,19797.57330,0
1646589480000,1.47720,1.47880,1.47710,1.47880,46797,1646589539999,69170.56980,161,36727,54286.09190,0
1646589540000,1.47870,1.47870,1.47740,1.47780,40425,1646589599999,59756.54770,167,14003,20694.46300,0
1646589600000,1.47760,1.47820,1.47620,1.47660,40768,1646589659999,60222.80980,178,7665,11327.27390,0
1646589660000,1.47660,1.47860,1.47650,1.47810,59656,1646589719999,88148.45680,196,42183,62329.12480,0
1646589720000,1.47790,1.47790,1.47640,1.47760,29915,1646589779999,44182.39700,162,13049,19275.50380,0
1646589780000,1.47760,1.47770,1.47650,1.47710,12328,1646589839999,18210.10260,126,6608,9761.10410,0
1646589840000,1.47700,1.47820,1.47690,1.47820,32066,1646589899999,47386.42330,139,29754,43970.84980,0
1646589900000,1.47820,1.47830,1.47730,1.47730,19420,1646589959999,28700.03460,118,7301,10789.41080,0
1646589960000,1.47730,1.47830,1.47730,1.47820,15558,1646590019999,22993.65340,121,5937,8773.95340,0
1646590020000,1.47820,1.47950,1.47780,1.47910,27631,1646590079999,40862.43650,196,17979,26589.57860,0
1646590080000,1.47920,1.48090,1.47900,1.48090,68768,1646590139999,101793.40870,246,57886,85694.04090,0
1646590140000,1.48090,1.48350,1.48080,1.48310,136448,1646590199999,202242.61490,477,57707,85540.02060,0
1646590200000,1.48300,1.48330,1.48010,1.48170,120951,1646590259999,179210.31810,412,51079,75692.57030,0
1646590260000,1.48150,1.48380,1.48100,1.48350,103317,1646590319999,153207.80440,265,87122,129201.22530,0
1646590320000,1.48330,1.48380,1.48260,1.48300,76801,1646590379999,113896.55310,266,11097,16461.26550,0
1646590380000,1.48310,1.48360,1.48060,1.48140,74846,1646590439999,110922.53400,252,34661,51388.55050,0
1646590440000,1.48150,1.48250,1.48130,1.48190,20127,1646590499999,29823.95440,210,9750,14448.48180,0
1646590500000,1.48160,1.48260,1.48130,1.48230,13201,1646590559999,19563.33360,128,5167,7658.67030,0
1646590560000,1.48230,1.48230,1.48040,1.48130,55790,1646590619999,82640.44910,235,35160,52077.83470,0
1646590620000,1.48130,1.48140,1.48040,1.48100,26506,1646590679999,39249.20270,196,6726,9961.57680,0
1646590680000,1.48080,1.48290,1.48070,1.48230,47391,1646590739999,70217.49460,186,30926,45822.99410,0
1646590740000,1.48230,1.48400,1.48210,1.48370,70477,1646590799999,104534.27770,306,43107,63942.60500,0
1646590800000,1.48390,1.48440,1.48280,1.48310,49607,1646590859999,73592.64450,283,22124,32822.45380,0
1646590860000,1.48300,1.48370,1.48270,1.48320,43251,1646590919999,64150.45650,187,34361,50965.09580,0
1646590920000,1.48310,1.48310,1.48140,1.48290,77511,1646590979999,114882.43880,245,35083,52006.42250,0
1646590980000,1.48280,1.48290,1.48130,1.48250,38796,1646591039999,57497.52120,163,6707,9941.15260,0
1646591040000,1.48250,1.48330,1.48240,1.48250,43610,1646591099999,64671.99950,210,28784,42688.57030,0
1646591100000,1.48250,1.48300,1.48230,1.48290,21456,1646591159999,31809.07320,157,9341,13848.54930,0
1646591160000,1.48290,1.48290,1.48160,1.48160,55025,1646591219999,81569.82290,265,14874,22048.65160,0
1646591220000,1.48160,1.48200,1.48110,1.48170,31430,1646591279999,46560.92830,199,11661,17277.15700,0
1646591280000,1.48170,1.48180,1.47930,1.47960,23498,1646591339999,34792.96870,166,4108,6081.70260,0
1646591340000,1.47970,1.48200,1.47970,1.48160,28258,1646591399999,41850.90810,163,24629,36476.66630,0
1646591400000,1.48150,1.48160,1.47950,1.48060,41745,1646591459999,61804.60250,200,18270,27045.99480,0
1646591460000,1.48050,1.48080,1.47950,1.47970,72649,1646591519999,107523.44130,245,20273,30012.18470,0
1646591520000,1.47960,1.48040,1.47960,1.47990,21000,1646591579999,31080.92580,157,12662,18741.57720,0
1646591580000,1.48020,1.48050,1.47790,1.47800,140573,1646591639999,207900.92800,340,73729,109058.67580,0
1646591640000,1.47810,1.47830,1.47540,1.47570,69682,1646591699999,102886.47850,330,19840,29301.87990,0
1646591700000,1.47570,1.47630,1.47250,1.47260,182930,1646591759999,269600.87550,524,77159,113745.38210,0
1646591760000,1.47250,1.47660,1.47160,1.47660,207406,1646591819999,305659.24200,502,148595,219043.90260,0
1646591820000,1.47670,1.47740,1.47610,1.47690,88431,1646591879999,130593.20600,261,26538,39193.41600,0
1646591880000,1.47690,1.47790,1.47410,1.47420,88771,1646591939999,131028.94080,300,37800,55802.19040,0
1646591940000,1.47420,1.47510,1.47130,1.47270,116167,1646591999999,171147.70000,384,39347,57938.65450,0
1646592000000,1.47220,1.47220,1.46810,1.47030,519915,1646592059999,764114.10490,1157,276243,406039.26600,0
1646592060000,1.47030,1.47110,1.46890,1.47110,73415,1646592119999,107938.70260,290,43791,64388.82890,0
1646592120000,1.47130,1.47210,1.47030,1.47180,94614,1646592179999,139188.74210,244,59077,86916.44870,0
1646592180000,1.47180,1.47260,1.46980,1.47010,101173,1646592239999,148870.61910,304,71242,104850.05040,0
1646592240000,1.47020,1.47070,1.46900,1.46940,40666,1646592299999,59770.23590,232,14592,21449.09880,0
1646592300000,1.46960,1.47050,1.46890,1.46990,66426,1646592359999,97621.38500,336,42909,63063.75170,0
1646592360000,1.46940,1.46970,1.46490,1.46750,424050,1646592419999,622036.69640,1009,196335,288033.13370,0
1646592420000,1.46740,1.47070,1.46670,1.47000,100450,1646592479999,147595.33100,335,71369,104859.63580,0
1646592480000,1.46990,1.47040,1.46780,1.46970,121047,1646592539999,177818.65040,335,73852,108487.64090,0
1646592540000,1.46970,1.47060,1.46770,1.46880,86560,1646592599999,127159.30810,292,41552,61024.79030,0
1646592600000,1.46840,1.47040,1.46800,1.46980,73798,1646592659999,108449.38330,245,27502,40418.67950,0
1646592660000,1.46980,1.47000,1.46830,1.46960,59612,1646592719999,87591.69190,238,24764,36392.05180,0
1646592720000,1.46950,1.47100,1.46920,1.46990,102838,1646592779999,151177.88750,289,47825,70316.07670,0
1646592780000,1.47000,1.47000,1.46770,1.46770,73821,1646592839999,108397.79640,224,25530,37489.74030,0
1646592840000,1.46790,1.46900,1.46700,1.46880,91202,1646592899999,133887.23860,229,70534,103549.70500,0
1646592900000,1.46890,1.47150,1.46870,1.46980,47660,1646592959999,70060.09830,239,35017,51477.28320,0
1646592960000,1.46970,1.47220,1.46970,1.47180,76398,1646593019999,112417.47590,286,47199,69456.41890,0
1646593020000,1.47180,1.47220,1.47060,1.47070,44937,1646593079999,66118.52720,159,5560,8181.75490,0
1646593080000,1.47070,1.47220,1.47070,1.47210,65022,1646593139999,95670.37000,186,17233,25360.58360,0
1646593140000,1.47180,1.47270,1.47180,1.47250,43047,1646593199999,63377.40530,154,35161,51768.06690,0
1646593200000,1.47250,1.47370,1.47000,1.47110,108081,1646593259999,159058.36370,329,28788,42394.50360,0
1646593260000,1.47090,1.47110,1.46830,1.47000,160944,1646593319999,236550.87050,402,52416,77041.82050,0
1646593320000,1.47000,1.47000,1.46680,1.46710,110541,1646593379999,162329.75590,309,22433,32954.36180,0
1646593380000,1.46710,1.46890,1.46700,1.46890,87115,1646593439999,127874.29070,331,46947,68921.40680,0
1646593440000,1.46880,1.47210,1.46860,1.47140,88206,1646593499999,129665.80460,346,49885,73333.13620,0
1646593500000,1.47130,1.47170,1.47000,1.47100,53587,1646593559999,78814.21900,195,18423,27098.00960,0
1646593560000,1.47100,1.47130,1.47000,1.47120,39212,1646593619999,57665.72450,188,17537,25790.86800,0
1646593620000,1.47120,1.47150,1.46870,1.46890,75610,1646593679999,111202.35800,247,28806,42379.28640,0
1646593680000,1.46870,1.46960,1.46800,1.46860,75790,1646593739999,111321.84020,275,30647,45020.77800,0
1646593740000,1.46860,1.47030,1.46790,1.46970,106477,1646593799999,156397.81860,308,72260,106140.62090,0
1646593800000,1.47010,1.47020,1.46810,1.46890,42051,1646593859999,61773.31610,163,17703,26003.68420,0
1646593860000,1.46890,1.46910,1.46680,1.46790,74393,1646593919999,109186.26310,269,34690,50918.00350,0
1646593920000,1.46790,1.46850,1.46710,1.46800,65560,1646593979999,96237.14580,201,31368,46046.48280,0
1646593980000,1.46810,1.46820,1.46750,1.46820,50944,1646594039999,74777.67940,191,19181,28157.51480,0
1646594040000,1.46850,1.46850,1.46790,1.46840,30239,1646594099999,44399.01460,154,17108,25120.72140,0
1646594100000,1.46830,1.46850,1.46650,1.46750,39997,1646594159999,58691.22420,161,12453,18270.81360,0
1646594160000,1.46750,1.46780,1.46670,1.46680,42583,1646594219999,62480.46380,178,13377,19630.52900,0
1646594220000,1.46680,1.46950,1.46680,1.46880,54499,1646594279999,80028.33850,245,31232,45857.15660,0
1646594280000,1.46870,1.46910,1.46650,1.46680,65334,1646594339999,95881.98000,191,18656,27369.41580,0
1646594340000,1.46680,1.46800,1.46680,1.46740,39341,1646594399999,57733.14450,164,31340,45993.44970,0
1646594400000,1.46760,1.46780,1.46650,1.46720,39886,1646594459999,58505.52160,130,18422,27020.81790,0
1646594460000,1.46720,1.46860,1.46720,1.46800,57634,1646594519999,84617.44320,228,39870,58539.35490,0
1646594520000,1.46820,1.46840,1.46770,1.46830,15369,1646594579999,22563.34370,94,9067,13312.58660,0
1646594580000,1.46830,1.46890,1.46730,1.46810,50584,1646594639999,74265.03810,173,20264,29752.81780,0
1646594640000,1.46800,1.46910,1.46790,1.46880,92986,1646594699999,136566.40670,258,75217,110473.11960,0
1646594700000,1.46890,1.47110,1.46860,1.47100,71151,1646594759999,104589.70440,258,55142,81066.75860,0
1646594760000,1.47110,1.47150,1.47000,1.47040,61694,1646594819999,90745.95620,249,28100,41338.50530,0
1646594820000,1.47060,1.47070,1.46840,1.46900,57060,1646594879999,83841.83880,228,32558,47834.80470,0
1646594880000,1.46900,1.46960,1.46850,1.46870,37782,1646594939999,55498.17620,154,7522,11050.28140,0
1646594940000,1.46870,1.46930,1.46860,1.46890,28944,1646594999999,42516.75590,110,21946,32237.38140,0
1646595000000,1.46880,1.47020,1.46870,1.46970,51447,1646595059999,75601.90400,168,28987,42603.50190,0
1646595060000,1.46980,1.47020,1.46900,1.46930,59958,1646595119999,88113.44350,178,36578,53755.94270,0
1646595120000,1.46940,1.46940,1.46870,1.46920,26513,1646595179999,38949.72590,113,4426,6503.03840,0
1646595180000,1.46920,1.46980,1.46890,1.46930,24405,1646595239999,35862.68170,123,18888,27756.54700,0
1646595240000,1.46960,1.47040,1.46780,1.46810,78619,1646595299999,115520.01320,215,30602,44971.41380,0
1646595300000,1.46800,1.46830,1.46460,1.46580,147369,1646595359999,216079.17640,374,33733,49467.85130,0
1646595360000,1.46550,1.46550,1.46270,1.46280,258233,1646595419999,378211.71490,554,62013,90831.95910,0
1646595420000,1.46270,1.46600,1.46270,1.46550,170190,1646595479999,249193.66680,455,119275,174625.70780,0
1646595480000,1.46540,1.46750,1.46500,1.46610,70634,1646595539999,103561.33570,268,48664,71352.02620,0
1646595540000,1.46600,1.46770,1.46600,1.46700,41637,1646595599999,61078.88240,158,28885,42368.60560,0
1646595600000,1.46700,1.46730,1.46450,1.46470,50009,1646595659999,73289.56320,233,13060,19141.96010,0
1646595660000,1.46460,1.46510,1.46350,1.46360,54299,1646595719999,79525.64550,255,26451,38741.11040,0
1646595720000,1.46360,1.46420,1.46160,1.46200,102558,1646595779999,150033.08220,366,22634,33111.00340,0
1646595780000,1.46200,1.46200,1.45820,1.46010,423139,1646595839999,617741.74380,1069,172443,251795.77720,0
1646595840000,1.46020,1.46070,1.45800,1.45870,216741,1646595899999,316279.84030,627,141498,206505.82190,0
1646595900000,1.45870,1.46240,1.45840,1.45850,186596,1646595959999,272525.40290,594,129355,188958.74680,0
1646595960000,1.45850,1.46000,1.45680,1.45760,228474,1646596019999,333188.78630,687,107821,157273.84310,0
1646596020000,1.45760,1.45890,1.45240,1.45620,578408,1646596079999,841567.58846,1435,313927,456768.61000,0
1646596080000,1.45620,1.45780,1.45370,1.45580,297874,1646596139999,433577.98790,858,141135,205471.25220,0
1646596140000,1.45630,1.45980,1.45630,1.45930,192774,1646596199999,281195.71260,572,97694,142497.86130,0
1646596200000,1.45910,1.45910,1.45550,1.45630,121814,1646596259999,177546.72780,346,41784,60895.24660,0
1646596260000,1.45630,1.45900,1.45610,1.45680,196400,1646596319999,286233.63830,472,97585,142224.67310,0
1646596320000,1.45710,1.45960,1.45680,1.45960,139975,1646596379999,204107.39570,434,92862,135407.00410,0
1646596380000,1.45950,1.46230,1.45940,1.46170,182437,1646596439999,266593.57640,603,125600,183541.73350,0
1646596440000,1.46180,1.46440,1.46090,1.46090,226498,1646596499999,331389.24030,619,118015,172682.31740,0
1646596500000,1.46090,1.46180,1.45930,1.46110,214172,1646596559999,312789.33980,468,118462,173030.83270,0
1646596560000,1.46110,1.46110,1.45930,1.46060,153310,1646596619999,223899.50930,419,74732,109150.39030,0
1646596620000,1.46060,1.46100,1.45960,1.46020,89515,1646596679999,130717.75560,322,36430,53199.29180,0
1646596680000,1.46000,1.46100,1.45990,1.46000,70588,1646596739999,103092.46790,317,32812,47924.17250,0
1646596740000,1.46000,1.46080,1.45900,1.45970,116679,1646596799999,170322.95520,307,57289,83634.50310,0
1646596800000,1.45960,1.45990,1.45650,1.45820,184377,1646596859999,268820.03360,498,79451,115879.56490,0
1646596860000,1.45810,1.46280,1.45810,1.46110,129116,1646596919999,188647.12850,458,68239,99708.74810,0
1646596920000,1.46120,1.46270,1.46050,1.46220,93463,1646596979999,136610.45410,307,42778,62535.52700,0
1646596980000,1.46220,1.46300,1.46050,1.46090,77471,1646597039999,113231.54760,270,28433,41563.34850,0
1646597040000,1.46080,1.46140,1.45960,1.46040,61041,1646597099999,89144.28600,235,31051,45354.51570,0
1646597100000,1.46040,1.46230,1.46040,1.46190,34142,1646597159999,49905.86360,178,22126,32340.40400,0
1646597160000,1.46200,1.46220,1.46050,1.46050,42497,1646597219999,62108.47240,254,29080,42501.89460,0
1646597220000,1.46050,1.46160,1.46050,1.46140,26834,1646597279999,39212.70350,159,21081,30806.49530,0
1646597280000,1.46140,1.46220,1.46080,1.46220,25728,1646597339999,37601.30460,138,16125,23569.23240,0
1646597340000,1.46230,1.46470,1.46220,1.46460,83412,1646597399999,122100.27310,262,69280,101418.89650,0
1646597400000,1.46460,1.46650,1.46430,1.46510,211894,1646597459999,310497.47350,476,125170,183438.61150,0
1646597460000,1.46510,1.46520,1.46280,1.46280,64145,1646597519999,93925.73200,251,15881,23255.66460,0
1646597520000,1.46270,1.46290,1.46170,1.46190,60694,1646597579999,88761.07920,227,32029,46844.71410,0
1646597580000,1.46210,1.46260,1.46140,1.46190,75046,1646597639999,109719.82540,208,43674,63858.03950,0
1646597640000,1.46210,1.46250,1.46030,1.46120,98809,1646597699999,144396.46890,251,21364,31223.97440,0
1646597700000,1.46130,1.46220,1.46030,1.46150,83999,1646597759999,122749.43770,220,41439,60576.04580,0
1646597760000,1.46150,1.46240,1.46110,1.46210,34835,1646597819999,50920.33480,175,25748,37638.35120,0
1646597820000,1.46230,1.46230,1.45880,1.45970,45322,1646597879999,66193.97320,203,10335,15094.71880,0
1646597880000,1.45940,1.45940,1.45770,1.45800,98718,1646597939999,143966.55820,343,57424,83748.05660,0
1646597940000,1.45820,1.45820,1.45610,1.45680,134741,1646597999999,196300.30800,430,43099,62793.34480,0
1646598000000,1.45670,1.45800,1.45370,1.45380,369644,1646598059999,538222.37090,617,94630,137803.11840,0
1646598060000,1.45390,1.45420,1.45230,1.45370,299823,1646598119999,435834.00420,501,193255,280949.50510,0
1646598120000,1.45360,1.45700,1.45360,1.45500,171948,1646598179999,250274.47010,417,114388,166479.28020,0
1646598180000,1.45490,1.45630,1.45460,1.45530,106828,1646598239999,155475.82600,267,46155,67184.00880,0
1646598240000,1.45540,1.45640,1.45420,1.45500,119757,1646598299999,174313.15890,296,91020,132499.81280,0
1646598300000,1.45490,1.45700,1.45480,1.45690,105711,1646598359999,153935.48830,302,50249,73170.51360,0
1646598360000,1.45670,1.45760,1.45620,1.45620,23560,1646598419999,34323.01690,168,10195,14854.01960,0
1646598420000,1.45630,1.45680,1.45620,1.45650,18240,1646598479999,26566.36440,132,10432,15194.42290,0
1646598480000,1.45640,1.46190,1.45640,1.46060,233938,1646598539999,341470.66680,585,129317,188722.81320,0
1646598540000,1.46050,1.46100,1.45720,1.45840,303466,1646598599999,442826.87110,615,111136,162177.22240,0
1646598600000,1.45830,1.46100,1.45810,1.45910,113095,1646598659999,165091.73860,303,68108,99406.73290,0
1646598660000,1.45920,1.46000,1.45850,1.46000,41610,1646598719999,60720.47600,226,17065,24905.94910,0
1646598720000,1.45980,1.46320,1.45970,1.46260,208406,1646598779999,304601.34230,335,167423,244683.01730,0
1646598780000,1.46270,1.46320,1.46140,1.46190,56453,1646598839999,82558.14130,213,20775,30383.62880,0
1646598840000,1.46200,1.46360,1.46190,1.46360,27394,1646598899999,40066.66760,184,22017,32202.78260,0
1646598900000,1.46340,1.46410,1.46140,1.46220,60220,1646598959999,88091.93030,282,35232,51546.77460,0
1646598960000,1.46210,1.46210,1.46040,1.46110,37389,1646599019999,54627.51370,190,24772,36191.19990,0
1646599020000,1.46110,1.46110,1.46000,1.46040,56545,1646599079999,82584.00520,214,23625,34506.04580,0
1646599080000,1.46040,1.46240,1.46040,1.46200,47700,1646599139999,69709.50660,241,27556,40274.85720,0
1646599140000,1.46170,1.46170,1.46010,1.46020,15865,1646599199999,23183.97730,219,5350,7819.05470,0
1646599200000,1.46010,1.46220,1.46010,1.46190,30234,1646599259999,44185.86820,190,18151,26526.51960,0
1646599260000,1.46200,1.46290,1.46090,1.46100,67056,1646599319999,98051.68330,311,41815,61148.15520,0
1646599320000,1.46110,1.46290,1.46110,1.46200,21685,1646599379999,31708.76830,207,7641,11170.60230,0
1646599380000,1.46230,1.46240,1.46160,1.46210,38735,1646599439999,56628.37530,179,15006,21935.50660,0
1646599440000,1.46210,1.46210,1.46060,1.46140,27883,1646599499999,40741.58900,186,16622,24285.99880,0
1646599500000,1.46140,1.46290,1.46100,1.46290,40148,1646599559999,58694.85730,191,21876,31980.10660,0
1646599560000,1.46290,1.46370,1.46270,1.46340,34532,1646599619999,50522.56440,262,18355,26854.95250,0
1646599620000,1.46350,1.46370,1.46200,1.46290,36574,1646599679999,53505.34510,233,14941,21858.76810,0
1646599680000,1.46310,1.46380,1.46270,1.46360,22942,1646599739999,33570.51910,201,13080,19140.67050,0
1646599740000,1.46360,1.46500,1.46240,1.46270,114168,1646599799999,167123.01690,422,64349,94208.72650,0
1646599800000,1.46270,1.46340,1.46160,1.46290,58070,1646599859999,84936.23540,265,36320,53129.39950,0
1646599860000,1.46290,1.46330,1.46170,1.46170,34165,1646599919999,49965.18630,204,5128,7501.21870,0
1646599920000,1.46170,1.46180,1.45700,1.45780,256508,1646599979999,374273.40410,551,66555,97066.32530,0
1646599980000,1.45800,1.45920,1.45740,1.45810,48495,1646600039999,70715.02470,216,30266,44136.89490,0
1646600040000,1.45810,1.46030,1.45700,1.45930,79581,1646600099999,116052.25260,304,49980,72899.29680,0
1646600100000,1.45940,1.46110,1.45920,1.46040,36131,1646600159999,52755.30080,222,22330,32604.88900,0
1646600160000,1.46040,1.46050,1.45830,1.45870,98998,1646600219999,144479.92340,256,30126,43982.94190,0
1646600220000,1.45890,1.45920,1.45790,1.45850,32088,1646600279999,46798.61920,164,16462,24008.51750,0
1646600280000,1.45830,1.45900,1.45700,1.45880,46489,1646600339999,67785.93510,156,25426,37075.55010,0
1646600340000,1.45900,1.45910,1.45780,1.45880,37775,1646600399999,55098.75460,149,16477,24032.75250,0
1646600400000,1.45910,1.45920,1.45620,1.45730,103488,1646600459999,150783.37120,319,36202,52750.04720,0
1646600460000,1.45740,1.45850,1.45740,1.45810,23412,1646600519999,34132.19660,152,13111,19113.82760,0
1646600520000,1.45830,1.45870,1.45770,1.45830,12204,1646600579999,17795.68420,116,6533,9526.68520,0
1646600580000,1.45830,1.45860,1.45620,1.45620,76768,1646600639999,111868.68400,268,46407,67627.06950,0
1646600640000,1.45630,1.45790,1.45630,1.45730,35545,1646600699999,51791.56990,239,21543,31392.42160,0
1646600700000,1.45740,1.46130,1.45740,1.46080,73596,1646600759999,107450.32540,337,51893,75768.47850,0
1646600760000,1.46090,1.46540,1.46090,1.46540,198006,1646600819999,289704.14220,616,115214,168607.91440,0
1646600820000,1.46530,1.46960,1.46480,1.46700,338905,1646600879999,497410.88910,868,188935,277335.73520,0
1646600880000,1.46720,1.46890,1.46680,1.46740,126507,1646600939999,185715.88220,417,77965,114464.26420,0
1646600940000,1.46750,1.47080,1.46720,1.46870,318631,1646600999999,468176.26740,606,197564,290384.20430,0
1646601000000,1.46870,1.47500,1.46120,1.46850,2186059,1646601059999,3208405.59330,3710,1025557,1507282.74420,0
1646601060000,1.46830,1.46880,1.46490,1.46710,425446,1646601119999,624189.07980,750,86043,126287.90210,0
1646601120000,1.46710,1.46840,1.46520,1.46780,92613,1646601179999,135856.07170,228,20960,30757.30750,0
1646601180000,1.46810,1.46810,1.46690,1.46780,38274,1646601239999,56178.85290,164,20941,30740.38010,0
1646601240000,1.46780,1.46850,1.46510,1.46810,144857,1646601299999,212467.74370,302,77242,113334.74770,0
1646601300000,1.46800,1.46870,1.46680,1.46760,134599,1646601359999,197564.53450,250,70955,104164.39670,0
1646601360000,1.46730,1.46750,1.46610,1.46680,44653,1646601419999,65497.16920,154,6878,10090.79530,0
1646601420000,1.46700,1.46760,1.46610,1.46740,30214,1646601479999,44325.34600,119,20462,30021.67480,0
1646601480000,1.46740,1.46740,1.46620,1.46690,22880,1646601539999,33561.46110,99,3066,4497.96160,0
1646601540000,1.46700,1.46710,1.46280,1.46340,122198,1646601599999,178965.10750,358,20846,30529.89950,0
1646601600000,1.46270,1.46390,1.46100,1.46200,165354,1646601659999,241733.28850,416,64483,94292.52700,0
1646601660000,1.46200,1.46220,1.46100,1.46190,67745,1646601719999,99007.37270,200,43459,63518.60020,0
1646601720000,1.46210,1.46420,1.46190,1.46370,109979,1646601779999,160896.28530,209,40265,58930.18140,0
1646601780000,1.46350,1.46390,1.46280,1.46290,14944,1646601839999,21867.13260,84,1166,1706.66280,0
1646601840000,1.46290,1.46340,1.46110,1.46220,27400,1646601899999,40059.96150,102,6111,8937.51880,0
1646601900000,1.46230,1.46830,1.46220,1.46720,172269,1646601959999,252692.83520,396,79019,115891.01530,0
1646601960000,1.46750,1.46860,1.46570,1.46790,87112,1646602019999,127868.03920,241,31500,46242.48070,0
1646602020000,1.46790,1.46870,1.46760,1.46800,91280,1646602079999,134012.97240,191,22654,33259.90540,0
1646602080000,1.46800,1.46920,1.46740,1.46770,174514,1646602139999,256271.29090,274,109117,160256.68210,0
1646602140000,1.46780,1.46860,1.46750,1.46820,35274,1646602199999,51781.43440,108,5949,8734.63810,0
1646602200000,1.46820,1.46910,1.46680,1.46700,55339,1646602259999,81244.57200,176,22884,33608.11330,0
1646602260000,1.46700,1.46860,1.46610,1.46800,56429,1646602319999,82820.55800,126,45918,67404.53050,0
1646602320000,1.46790,1.46920,1.46740,1.46920,17279,1646602379999,25368.47040,81,9751,14319.24430,0
1646602380000,1.46920,1.47010,1.46860,1.46880,150528,1646602439999,221235.21690,216,99223,145828.89310,0
1646602440000,1.46880,1.46880,1.46790,1.46860,22071,1646602499999,32408.49850,98,2276,3342.13110,0
1646602500000,1.46870,1.46900,1.46860,1.46870,27497,1646602559999,40385.68040,66,11667,17137.59860,0
1646602560000,1.46880,1.47100,1.46860,1.47020,48316,1646602619999,71009.26090,158,31480,46271.66990,0
1646602620000,1.47010,1.47240,1.46980,1.47180,102449,1646602679999,150713.84150,229,82942,122016.66410,0
1646602680000,1.47180,1.47180,1.46920,1.46920,49143,1646602739999,72285.00820,145,11707,17221.87450,0
1646602740000,1.46950,1.46980,1.46920,1.46920,9770,1646602799999,14356.84870,60,4270,6275.42550,0
1646602800000,1.46960,1.47000,1.46830,1.46930,49042,1646602859999,72041.14170,148,19508,28664.44050,0
1646602860000,1.46950,1.46960,1.46770,1.46770,31622,1646602919999,46452.26840,122,18506,27189.86470,0
1646602920000,1.46760,1.46920,1.46700,1.46920,30584,1646602979999,44897.30860,117,22578,33149.27980,0
1646602980000,1.46890,1.47110,1.46890,1.47080,86323,1646603039999,126948.24840,145,77735,114319.30580,0
1646603040000,1.47080,1.47080,1.46820,1.46840,17632,1646603099999,25903.44040,96,7826,11498.60360,0
1646603100000,1.46870,1.46900,1.46360,1.46480,140213,1646603159999,205565.52050,282,8709,12773.95530,0
1646603160000,1.46470,1.46510,1.46240,1.46370,112067,1646603219999,164040.06880,270,51488,75368.24520,0
1646603220000,1.46400,1.46550,1.46320,1.46530,37105,1646603279999,54343.05660,135,29268,42866.64880,0
1646603280000,1.46530,1.46800,1.46530,1.46740,81388,1646603339999,119385.51280,177,70791,103840.28290,0
1646603340000,1.46790,1.46800,1.46690,1.46690,26535,1646603399999,38937.17730,76,16340,23978.11930,0
1646603400000,1.46690,1.46790,1.46590,1.46630,61626,1646603459999,90385.06320,145,17381,25497.88620,0
1646603460000,1.46660,1.46760,1.46660,1.46730,25964,1646603519999,38094.22260,80,9338,13702.56120,0
1646603520000,1.46750,1.46750,1.46640,1.46670,42816,1646603579999,62808.41940,130,28099,41219.33150,0
1646603580000,1.46690,1.46820,1.46680,1.46800,49058,1646603639999,72008.05850,100,35480,52078.95580,0
1646603640000,1.46790,1.46830,1.46700,1.46830,43519,1646603699999,63876.68760,134,33245,48797.93900,0
1646603700000,1.46820,1.47020,1.46780,1.47020,88851,1646603759999,130528.37490,199,49444,72651.61960,0
1646603760000,1.46990,1.46990,1.46600,1.46930,127613,1646603819999,187354.14030,330,53141,78015.72330,0
1646603820000,1.46930,1.46930,1.46720,1.46850,57914,1646603879999,85039.48260,164,19714,28944.55000,0
1646603880000,1.46860,1.46860,1.46770,1.46830,35833,1646603939999,52602.88600,117,7054,10356.74680,0
1646603940000,1.46830,1.47000,1.46810,1.46940,61322,1646603999999,90080.16360,134,42410,62292.82150,0
1646604000000,1.46950,1.47060,1.46870,1.47020,111002,1646604059999,163143.57950,303,57314,84236.40720,0
1646604060000,1.47020,1.47070,1.46800,1.46970,200528,1646604119999,294698.65100,306,75191,110499.39460,0
1646604120000,1.47000,1.47150,1.46950,1.47140,79702,1646604179999,117227.37940,131,70753,104073.49600,0
1646604180000,1.47130,1.47470,1.47090,1.47360,315420,1646604239999,464565.26220,502,204055,300585.44270,0
1646604240000,1.47360,1.47420,1.47300,1.47360,51554,1646604299999,75960.56770,195,16426,24205.76010,0
1646604300000,1.47360,1.47370,1.47160,1.47230,152667,1646604359999,224846.95110,360,28155,41462.35260,0
1646604360000,1.47240,1.47760,1.47180,1.47530,414809,1646604419999,612180.72350,824,327593,483491.62570,0
1646604420000,1.47530,1.47780,1.47470,1.47640,179284,1646604479999,264734.20740,433,127584,188422.81090,0
1646604480000,1.47650,1.47800,1.47610,1.47630,65190,1646604539999,96298.86180,245,46446,68615.32350,0
1646604540000,1.47630,1.47630,1.47380,1.47430,169537,1646604599999,250099.42860,378,31685,46747.11450,0
1646604600000,1.47420,1.47730,1.47340,1.47650,234666,1646604659999,346238.85000,431,131569,194075.48040,0
1646604660000,1.47660,1.47830,1.47610,1.47740,101353,1646604719999,149737.50490,251,59027,87207.98000,0
1646604720000,1.47790,1.47820,1.47530,1.47660,51445,1646604779999,75966.21770,171,12801,18903.79980,0
1646604780000,1.47650,1.47690,1.47540,1.47610,22083,1646604839999,32598.63670,121,10919,16118.34100,0
1646604840000,1.47610,1.47700,1.47540,1.47540,60169,1646604899999,88821.28520,157,16162,23860.81580,0
1646604900000,1.47530,1.47550,1.47400,1.47420,31554,1646604959999,46527.48120,152,4116,6069.99260,0
1646604960000,1.47410,1.47620,1.47320,1.47620,29585,1646605019999,43612.23300,136,11284,16634.37260,0
1646605020000,1.47620,1.47690,1.47600,1.47690,17657,1646605079999,26068.93970,85,7840,11575.85750,0
1646605080000,1.47680,1.47820,1.47670,1.47770,60980,1646605139999,90097.78420,147,54878,81084.37520,0
1646605140000,1.47790,1.47830,1.47630,1.47650,83052,1646605199999,122683.48150,230,6364,9403.24770,0
1646605200000,1.47630,1.47740,1.47630,1.47740,20198,1646605259999,29828.94420,93,11250,16616.80930,0
1646605260000,1.47730,1.47770,1.47680,1.47760,43097,1646605319999,63663.17880,118,14500,21421.54710,0
1646605320000,1.47770,1.47770,1.47500,1.47570,155970,1646605379999,230217.12500,202,7708,11375.92750,0
1646605380000,1.47580,1.47690,1.47580,1.47580,62834,1646605439999,92764.79540,152,36801,54336.68670,0
1646605440000,1.47590,1.47610,1.47560,1.47600,25055,1646605499999,36977.46700,88,12581,18569.48000,0
1646605500000,1.47580,1.47790,1.47560,1.47740,58891,1646605559999,86949.75900,179,31524,46553.68210,0
1646605560000,1.47770,1.47950,1.47740,1.47890,95013,1646605619999,140495.61900,299,69564,102866.13800,0
1646605620000,1.47890,1.47890,1.47700,1.47750,45722,1646605679999,67560.72100,191,16930,25012.31990,0
1646605680000,1.47740,1.47790,1.47640,1.47730,91397,1646605739999,134991.68200,267,18359,27129.05960,0
1646605740000,1.47760,1.47870,1.47750,1.47830,85415,1646605799999,126274.76250,156,60092,88839.74660,0
1646605800000,1.47840,1.47890,1.47820,1.47880,21465,1646605859999,31738.87730,144,8308,12283.85150,0
1646605860000,1.47870,1.47870,1.47760,1.47760,33495,1646605919999,49509.25580,212,9533,14090.36070,0
1646605920000,1.47760,1.47770,1.47660,1.47700,50412,1646605979999,74467.04600,189,33733,49826.75400,0
1646605980000,1.47710,1.47810,1.47710,1.47800,26057,1646606039999,38497.72040,102,7358,10869.22520,0
1646606040000,1.47810,1.47810,1.47700,1.47710,21104,1646606099999,31180.82690,106,5291,7819.61430,0
1646606100000,1.47700,1.47760,1.47650,1.47720,31111,1646606159999,45955.55980,159,11133,16448.61010,0
1646606160000,1.47730,1.47760,1.47730,1.47740,9321,1646606219999,13771.16670,49,5266,7780.30970,0
1646606220000,1.47740,1.47900,1.47740,1.47840,54233,1646606279999,80176.92710,193,41403,61207.33540,0
1646606280000,1.47810,1.47810,1.47470,1.47490,56891,1646606339999,83961.94170,229,17997,26558.47220,0
1646606340000,1.47490,1.47650,1.47490,1.47630,10801,1646606399999,15939.96650,106,5124,7561.92820,0
1646606400000,1.47640,1.47680,1.47640,1.47650,17705,1646606459999,26143.00840,144,10703,15804.55890,0
1646606460000,1.47650,1.47660,1.47650,1.47660,4709,1646606519999,6952.91000,82,715,1055.76900,0
1646606520000,1.47650,1.47660,1.47630,1.47640,5872,1646606579999,8669.41720,59,776,1145.69960,0
1646606580000,1.47630,1.47630,1.47350,1.47450,89597,1646606639999,132161.18490,259,41849,61733.09590,0
1646606640000,1.47450,1.47490,1.47300,1.47330,47261,1646606699999,69669.23710,198,9364,13804.84550,0
1646606700000,1.47330,1.47450,1.47330,1.47440,15068,1646606759999,22211.91650,128,8826,13012.48300,0
1646606760000,1.47430,1.47450,1.47360,1.47370,12409,1646606819999,18294.15520,138,8269,12191.64960,0
1646606820000,1.47360,1.47420,1.47310,1.47400,5235,1646606879999,7714.83100,93,1352,1992.22380,0
1646606880000,1.47400,1.47400,1.47230,1.47260,22548,1646606939999,33211.03670,160,7046,10378.10680,0
1646606940000,1.47260,1.47340,1.47150,1.47200,38718,1646606999999,56999.59370,207,5787,8524.61210,0
1646607000000,1.47170,1.47300,1.47140,1.47270,33309,1646607059999,49037.89950,155,21387,31485.66020,0
1646607060000,1.47280,1.47320,1.47280,1.47310,5423,1646607119999,7988.64410,62,4221,6218.01030,0
1646607120000,1.47310,1.47340,1.47290,1.47290,25313,1646607179999,37289.65750,150,17442,25695.47880,0
1646607180000,1.47280,1.47290,1.47140,1.47140,52779,1646607239999,77687.27860,201,5299,7800.26250,0
1646607240000,1.47140,1.47140,1.47010,1.47010,41505,1646607299999,61042.36110,221,12347,18158.57180,0
1646607300000,1.47010,1.47050,1.46880,1.47010,107173,1646607359999,157504.98290,358,24017,35300.69560,0
1646607360000,1.47010,1.47010,1.46790,1.46810,56987,1646607419999,83733.57630,282,17967,26390.37880,0
1646607420000,1.46810,1.46860,1.46800,1.46850,14480,1646607479999,21260.35090,117,8896,13061.85780,0
1646607480000,1.46850,1.46970,1.46850,1.46950,71213,1646607539999,104632.29040,231,47606,69951.87440,0
1646607540000,1.46950,1.46990,1.46810,1.46990,34856,1646607599999,51201.52560,218,19215,28225.84890,0
1646607600000,1.46980,1.47140,1.46840,1.47070,84339,1646607659999,123950.56300,349,32831,48252.82670,0
1646607660000,1.47070,1.47110,1.47030,1.47080,23970,1646607719999,35251.38730,172,8443,12417.09930,0
1646607720000,1.47070,1.47070,1.46490,1.46490,113969,1646607779999,167229.91240,463,25169,36960.57800,0
1646607780000,1.46510,1.46650,1.46260,1.46390,267466,1646607839999,391686.15610,725,116952,171270.72500,0
1646607840000,1.46400,1.46520,1.45980,1.46040,282459,1646607899999,413129.49700,807,135604,198354.89450,0
1646607900000,1.46080,1.46310,1.46010,1.46220,154907,1646607959999,226396.06820,458,68041,99455.41380,0
1646607960000,1.46220,1.46300,1.46120,1.46190,51062,1646608019999,74662.12240,235,33029,48297.57870,0
1646608020000,1.46190,1.46450,1.46080,1.46100,268784,1646608079999,393326.80120,590,163276,238944.56250,0
1646608080000,1.46130,1.46200,1.46010,1.46080,68957,1646608139999,100732.86470,275,18506,27036.26560,0
1646608140000,1.46080,1.46270,1.45900,1.46060,185785,1646608199999,271396.69850,466,74683,109109.34730,0
1646608200000,1.46100,1.46150,1.45890,1.45970,129166,1646608259999,188591.25680,323,49954,72957.08700,0
1646608260000,1.45980,1.46050,1.45810,1.45990,151360,1646608319999,220840.58760,378,67870,99058.02580,0
1646608320000,1.45950,1.45990,1.45420,1.45530,416193,1646608379999,606181.06650,816,156063,227321.43630,0
1646608380000,1.45540,1.45690,1.45160,1.45400,545343,1646608439999,792841.07576,1151,256055,372380.47160,0
1646608440000,1.45410,1.45540,1.45180,1.45510,309774,1646608499999,450080.99630,695,143385,208363.58480,0
1646608500000,1.45530,1.45880,1.45420,1.45790,268333,1646608559999,391022.01580,637,189356,275966.15420,0
1646608560000,1.45790,1.45930,1.45310,1.45440,376194,1646608619999,548206.84260,669,246120,358746.90090,0
1646608620000,1.45380,1.45460,1.44630,1.45090,1177284,1646608679999,1706866.82920,2928,544113,789144.03110,0
1646608680000,1.45090,1.45110,1.44610,1.44870,429788,1646608739999,622547.94040,1051,168262,243775.05300,0
1646608740000,1.44870,1.45150,1.44820,1.45150,190400,1646608799999,275970.42550,551,75097,108871.00640,0
1646608800000,1.45140,1.45180,1.44500,1.44500,278225,1646608859999,402657.14280,799,72480,104974.98480,0
1646608860000,1.44520,1.44710,1.44410,1.44560,451508,1646608919999,652733.24170,1136,223468,323178.81450,0
1646608920000,1.44560,1.44560,1.43450,1.43710,1468354,1646608979999,2112661.55630,4382,463767,667278.31110,0
1646608980000,1.43710,1.43860,1.43300,1.43620,529709,1646609039999,760566.83110,1514,198204,284743.64630,0
1646609040000,1.43620,1.43800,1.43590,1.43730,147550,1646609099999,212012.49750,745,76076,109321.34700,0
1646609100000,1.43730,1.44030,1.43480,1.43890,279218,1646609159999,401496.28120,999,143554,206434.19370,0
1646609160000,1.43900,1.43970,1.43540,1.43700,141006,1646609219999,202735.43180,578,98766,142008.37380,0
1646609220000,1.43700,1.44060,1.43600,1.44040,208945,1646609279999,300611.15710,570,139361,200550.24950,0
1646609280000,1.44040,1.44080,1.43280,1.43420,255893,1646609339999,367233.38230,781,77538,111311.31000,0
1646609340000,1.43380,1.43430,1.42900,1.43310,491592,1646609399999,703881.51264,1800,238612,341752.95650,0
1646609400000,1.43300,1.43840,1.43110,1.43710,236546,1646609459999,339608.77930,905,134960,193807.96740,0
1646609460000,1.43680,1.43800,1.43410,1.43690,293337,1646609519999,421242.41010,686,114846,164980.91260,0
1646609520000,1.43690,1.44480,1.43650,1.44020,429437,1646609579999,619048.19100,1234,223801,322494.56110,0
1646609580000,1.44010,1.44160,1.43860,1.43970,210225,1646609639999,302764.45530,727,106631,153576.84380,0
1646609640000,1.43950,1.44160,1.43700,1.43900,201498,1646609699999,290015.36780,645,118460,170507.80750,0
1646609700000,1.43890,1.44040,1.43600,1.43670,135823,1646609759999,195387.23130,547,69420,99890.35930,0
1646609760000,1.43660,1.43840,1.43610,1.43620,76996,1646609819999,110656.53920,326,49301,70848.77750,0
1646609820000,1.43620,1.43640,1.43290,1.43480,213318,1646609879999,306045.72180,739,92893,133293.79200,0
1646609880000,1.43460,1.43760,1.43370,1.43610,221442,1646609939999,317997.69100,517,131146,188378.98930,0
1646609940000,1.43620,1.43950,1.43620,1.43860,121181,1646609999999,174267.24960,426,65866,94733.80350,0
1646610000000,1.43850,1.43870,1.43530,1.43600,85640,1646610059999,123118.55360,460,50801,73041.25570,0
1646610060000,1.43580,1.43810,1.43510,1.43720,79708,1646610119999,114504.67130,341,37327,53622.82870,0
1646610120000,1.43720,1.44090,1.43690,1.43810,106379,1646610179999,153082.19630,394,40457,58212.13840,0
1646610180000,1.43830,1.43830,1.43580,1.43590,48178,1646610239999,69227.20750,301,22450,32260.94270,0
1646610240000,1.43580,1.43830,1.43530,1.43680,76759,1646610299999,110288.24870,358,44839,64425.86050,0
1646610300000,1.43680,1.43720,1.43070,1.43110,333742,1646610359999,478605.23730,864,58718,84175.61180,0
1646610360000,1.43100,1.43370,1.42870,1.43360,306316,1646610419999,438122.81210,931,137422,196636.46310,0
1646610420000,1.43370,1.43560,1.43220,1.43340,235202,1646610479999,337222.48100,552,79218,113644.77130,0
1646610480000,1.43390,1.43690,1.43340,1.43670,101399,1646610539999,145497.10100,397,65147,93495.97730,0
1646610540000,1.43680,1.43750,1.43530,1.43530,57369,1646610599999,82413.45850,297,18369,26393.61160,0
1646610600000,1.43540,1.43870,1.43530,1.43820,102707,1646610659999,147628.45690,426,74522,107111.68400,0
1646610660000,1.43820,1.43820,1.43500,1.43710,137076,1646610719999,196885.39370,546,76272,109546.56470,0
1646610720000,1.43710,1.43730,1.43510,1.43560,47147,1646610779999,67720.59860,265,15462,22213.34660,0
1646610780000,1.43550,1.43630,1.43420,1.43560,97914,1646610839999,140544.83930,347,29809,42791.47700,0
1646610840000,1.43560,1.43580,1.43340,1.43430,74332,1646610899999,106613.55300,300,16821,24134.17450,0
1646610900000,1.43430,1.43590,1.43390,1.43540,73598,1646610959999,105638.39700,296,60581,86955.79960,0
1646610960000,1.43530,1.43630,1.43410,1.43490,97418,1646611019999,139811.62510,341,74369,106731.29210,0
1646611020000,1.43480,1.43480,1.43000,1.43050,167414,1646611079999,239809.70150,479,82794,118629.51380,0
1646611080000,1.43050,1.43430,1.43040,1.43340,99072,1646611139999,141876.94310,338,80741,115610.50450,0
1646611140000,1.43340,1.43430,1.43210,1.43380,89178,1646611199999,127826.88630,314,46062,66024.86840,0
