1645747200000,146.91,147.26,146.82,147.06,135.682,1645747259999,19952.73323,116,56.340,8287.41416,0
1645747260000,147.03,147.34,146.44,146.45,896.035,1645747319999,131674.81657,245,542.325,79835.23065,0
1645747320000,146.43,146.70,146.27,146.49,389.141,1645747379999,56997.96822,200,272.255,39882.94986,0
1645747380000,146.48,146.98,146.48,146.72,430.615,1645747439999,63213.08556,163,348.699,51197.42957,0
1645747440000,146.71,146.71,146.31,146.63,449.681,1645747499999,65858.60884,161,95.815,14037.37905,0
1645747500000,146.64,147.00,146.64,146.80,390.222,1645747559999,57326.84875,134,300.322,44125.05019,0
1645747560000,146.79,147.07,146.77,147.07,159.602,1645747619999,23446.83535,126,78.756,11571.03550,0
1645747620000,146.98,147.25,146.76,147.10,619.128,1645747679999,90977.26001,252,195.928,28811.10893,0
1645747680000,147.08,147.49,147.04,147.36,161.848,1645747739999,23837.84599,118,124.274,18303.20762,0
1645747740000,147.35,147.85,147.26,147.67,279.849,1645747799999,41286.83503,143,193.710,28568.05225,0
1645747800000,147.71,148.11,147.71,147.79,358.128,1645747859999,52966.24335,216,240.153,35522.90854,0
1645747860000,147.80,147.89,147.48,147.54,153.517,1645747919999,22662.58265,138,122.516,18086.34259,0
1645747920000,147.54,147.54,147.31,147.41,137.052,1645747979999,20202.02988,115,95.329,14052.40993,0
1645747980000,147.42,147.61,147.30,147.61,84.615,1645748039999,12471.49529,70,52.664,7762.37843,0
1645748040000,147.63,147.86,147.60,147.85,148.023,1645748099999,21872.92813,92,59.593,8805.36584,0
1645748100000,147.88,148.01,147.65,147.71,533.072,1645748159999,78828.84989,131,107.185,15848.55859,0
1645748160000,147.71,147.76,147.49,147.49,88.380,1645748219999,13047.66308,86,44.256,6534.45247,0
1645748220000,147.49,147.49,147.20,147.28,132.400,1645748279999,19503.44287,112,53.476,7876.36104,0
1645748280000,147.27,147.36,147.11,147.14,46.002,1645748339999,6774.92900,56,16.870,2484.62400,0
1645748340000,147.12,147.46,147.09,147.34,112.996,1645748399999,16638.14346,93,77.076,11349.77957,0
1645748400000,147.35,147.45,147.15,147.18,89.752,1645748459999,13218.38472,78,29.554,4353.65510,0
1645748460000,147.16,147.50,147.11,147.44,245.632,1645748519999,36188.31454,230,100.856,14859.29827,0
1645748520000,147.47,147.48,146.97,147.38,164.492,1645748579999,24211.78591,153,50.937,7498.09900,0
1645748580000,147.32,147.65,147.29,147.58,71.646,1645748639999,10561.03110,58,54.080,7971.68227,0
1645748640000,147.60,147.63,147.48,147.52,79.548,1645748699999,11737.64286,77,45.172,6665.18388,0
1645748700000,147.52,148.18,147.52,147.91,218.945,1645748759999,32387.01655,159,149.718,22145.72086,0
1645748760000,147.90,148.09,147.87,148.03,127.153,1645748819999,18818.95286,103,91.428,13532.01530,0
1645748820000,148.00,148.21,147.99,148.21,115.155,1645748879999,17056.02727,72,93.537,13853.58667,0
1645748880000,148.18,148.23,147.88,147.97,94.670,1645748939999,14018.44428,81,39.763,5886.56205,0
1645748940000,147.96,148.05,147.82,147.82,164.380,1645748999999,24317.87191,120,102.821,15211.93152,0
1645749000000,147.83,147.93,147.75,147.82,101.228,1645749059999,14962.78385,72,85.477,12634.76921,0
1645749060000,147.81,147.81,147.41,147.52,157.800,1645749119999,23286.53766,129,62.005,9149.60917,0
1645749120000,147.51,147.56,147.36,147.56,37.291,1645749179999,5500.53210,53,26.631,3928.17466,0
1645749180000,147.52,147.72,147.47,147.72,58.660,1645749239999,8657.53315,67,34.314,5064.63289,0
1645749240000,147.75,148.01,147.70,147.80,80.124,1645749299999,11847.36517,74,59.072,8735.05804,0
1645749300000,147.89,147.98,147.79,147.82,26.838,1645749359999,3969.27417,35,13.754,2034.12317,0
1645749360000,147.82,147.82,147.44,147.46,329.689,1645749419999,48661.77128,112,230.284,33986.77820,0
1645749420000,147.46,147.58,147.45,147.56,30.083,1645749479999,4437.56549,41,20.999,3097.47928,0
1645749480000,147.55,147.65,147.47,147.48,40.756,1645749539999,6013.27702,41,24.356,3593.70670,0
1645749540000,147.44,147.45,147.21,147.36,118.979,1645749599999,17526.20147,80,65.043,9580.95082,0
1645749600000,147.41,147.48,147.28,147.48,71.208,1645749659999,10496.27374,67,55.991,8253.06178,0
1645749660000,147.50,147.56,147.41,147.46,30.680,1645749719999,4524.10724,45,26.552,3915.47070,0
1645749720000,147.44,147.47,147.01,147.22,509.369,1645749779999,74979.74377,179,445.421,65562.22999,0
1645749780000,147.20,147.33,147.06,147.17,164.525,1645749839999,24217.18188,100,103.253,15200.93356,0
1645749840000,147.14,147.38,147.14,147.31,106.762,1645749899999,15724.31717,103,89.127,13127.62073,0
1645749900000,147.28,147.43,147.13,147.31,105.094,1645749959999,15479.04294,87,91.269,13442.47434,0
1645749960000,147.31,147.48,147.10,147.10,103.001,1645750019999,15171.04663,86,26.853,3957.18722,0
1645750020000,147.09,147.32,147.07,147.27,48.199,1645750079999,7095.55818,52,34.913,5139.20962,0
1645750080000,147.27,147.53,147.23,147.29,255.797,1645750139999,37702.17959,143,175.101,25813.23342,0
1645750140000,147.29,147.49,147.27,147.27,35.038,1645750199999,5164.68452,47,20.607,3037.74671,0
1645750200000,147.27,147.62,147.25,147.48,62.007,1645750259999,9142.99560,74,27.281,4022.13033,0
1645750260000,147.46,147.49,147.15,147.18,86.742,1645750319999,12778.10072,66,33.209,4892.32206,0
1645750320000,147.21,147.33,146.75,146.90,348.744,1645750379999,51285.38171,147,203.914,29997.64762,0
1645750380000,146.89,146.89,146.53,146.58,405.299,1645750439999,59448.58359,243,260.099,38151.18230,0
1645750440000,146.61,146.69,146.49,146.62,212.907,1645750499999,31209.70549,138,112.382,16475.93913,0
1645750500000,146.64,146.91,146.59,146.59,70.991,1645750559999,10417.65376,88,24.265,3561.39946,0
1645750560000,146.55,146.81,146.54,146.72,121.868,1645750619999,17872.59007,83,54.227,7951.97876,0
1645750620000,146.72,147.11,146.71,147.10,90.654,1645750679999,13314.69252,96,63.078,9266.03035,0
1645750680000,147.09,147.12,146.78,146.93,114.498,1645750739999,16824.38830,76,64.826,9525.39547,0
1645750740000,146.92,147.00,146.75,146.75,72.094,1645750799999,10592.11521,61,42.925,6306.63321,0
1645750800000,146.78,146.87,146.62,146.74,75.410,1645750859999,11069.57310,69,43.890,6443.54863,0
1645750860000,146.74,147.06,146.70,147.06,77.655,1645750919999,11413.72915,79,28.986,4259.01772,0
1645750920000,147.05,147.23,146.72,146.72,105.475,1645750979999,15499.27783,94,44.482,6532.35989,0
1645750980000,146.70,147.01,146.51,146.94,221.851,1645751039999,32546.13053,130,139.735,20491.72040,0
1645751040000,146.98,147.44,146.98,147.36,174.278,1645751099999,25677.39629,103,141.314,20824.94639,0
1645751100000,147.35,147.85,147.35,147.82,166.126,1645751159999,24525.28211,130,133.345,19683.79501,0
1645751160000,147.81,147.97,147.70,147.75,113.695,1645751219999,16805.94744,112,65.266,9649.59403,0
1645751220000,147.71,147.92,147.66,147.73,57.067,1645751279999,8431.26900,63,35.507,5245.99553,0
1645751280000,147.74,148.02,147.74,147.93,83.992,1645751339999,12423.17952,83,70.373,10409.16120,0
1645751340000,147.96,148.03,147.81,147.81,42.909,1645751399999,6347.40522,57,28.432,4205.90311,0
1645751400000,147.88,147.91,147.78,147.87,35.185,1645751459999,5201.99046,60,28.153,4162.35524,0
1645751460000,147.85,148.04,147.82,148.01,86.130,1645751519999,12741.43164,75,55.322,8184.72956,0
1645751520000,147.99,148.21,147.87,147.88,86.887,1645751579999,12866.32754,76,72.890,10794.14807,0
1645751580000,147.88,148.01,147.88,147.88,55.291,1645751639999,8179.44383,52,32.261,4772.96249,0
1645751640000,147.85,148.12,147.78,148.02,47.369,1645751699999,7007.13420,45,34.317,5076.73668,0
1645751700000,148.01,148.25,147.96,148.08,76.649,1645751759999,11353.22625,69,51.577,7640.71053,0
1645751760000,148.08,148.34,148.07,148.18,68.947,1645751819999,10217.35627,86,34.198,5068.57300,0
1645751820000,148.16,148.42,148.15,148.15,55.948,1645751879999,8297.12486,86,24.675,3660.10519,0
1645751880000,148.15,148.41,148.13,148.29,112.115,1645751939999,16623.77449,104,66.211,9818.24401,0
1645751940000,148.28,148.42,148.13,148.21,82.933,1645751999999,12295.82120,89,46.457,6887.96001,0
1645752000000,148.22,148.71,148.22,148.65,111.773,1645752059999,16599.37493,119,66.610,9893.29223,0
1645752060000,148.66,149.45,148.60,149.27,303.062,1645752119999,45171.40039,273,191.577,28565.17744,0
1645752120000,149.22,149.79,149.22,149.47,221.077,1645752179999,33062.52532,214,119.775,17913.89533,0
1645752180000,149.45,149.83,149.45,149.60,177.452,1645752239999,26566.66265,78,77.741,11632.10535,0
1645752240000,149.58,149.60,149.31,149.41,149.502,1645752299999,22337.76643,128,107.847,16114.49382,0
1645752300000,149.40,149.44,148.67,148.80,482.430,1645752359999,71821.50660,213,128.473,19135.63515,0
1645752360000,148.82,148.99,148.69,148.98,138.213,1645752419999,20574.64014,101,97.979,14586.76873,0
1645752420000,149.00,149.14,148.94,149.03,73.036,1645752479999,10886.92517,65,47.753,7117.85135,0
1645752480000,149.01,149.08,148.72,148.81,94.838,1645752539999,14121.24220,65,50.022,7448.86315,0
1645752540000,148.79,149.21,148.74,149.19,641.369,1645752599999,95597.42924,180,575.454,85776.81510,0
1645752600000,149.20,149.48,149.12,149.15,200.420,1645752659999,29925.10023,86,104.206,15563.66731,0
1645752660000,149.06,149.14,148.65,148.73,153.070,1645752719999,22805.32045,97,39.706,5915.29363,0
1645752720000,148.74,148.93,148.64,148.70,66.717,1645752779999,9923.69813,53,14.841,2206.92410,0
1645752780000,148.65,148.71,148.51,148.56,126.490,1645752839999,18796.26648,101,43.182,6418.25995,0
1645752840000,148.58,148.68,148.25,148.36,79.273,1645752899999,11771.89274,86,44.267,6575.54169,0
1645752900000,148.32,148.86,148.32,148.75,153.531,1645752959999,22822.97906,114,108.900,16188.57359,0
1645752960000,148.79,149.01,148.79,148.82,61.267,1645753019999,9122.54048,56,44.790,6669.36965,0
1645753020000,148.84,148.94,148.79,148.84,29.271,1645753079999,4357.28029,52,17.140,2551.48803,0
1645753080000,148.84,148.94,148.75,148.80,62.757,1645753139999,9339.91892,43,20.841,3102.12220,0
1645753140000,148.80,148.89,148.50,148.50,102.486,1645753199999,15237.60194,96,31.595,4698.54248,0
1645753200000,148.47,148.71,148.45,148.70,85.033,1645753259999,12634.58423,67,53.696,7978.31314,0
1645753260000,148.68,148.68,148.41,148.61,117.804,1645753319999,17498.80617,89,38.966,5787.11826,0
1645753320000,148.59,148.84,148.59,148.77,58.119,1645753379999,8645.26165,51,13.179,1959.89097,0
1645753380000,148.77,148.99,148.65,148.93,112.647,1645753439999,16763.56160,86,29.725,4424.00258,0
1645753440000,148.94,149.04,148.79,148.79,131.238,1645753499999,19547.98108,85,72.836,10852.38865,0
1645753500000,148.79,148.88,148.64,148.85,68.550,1645753559999,10197.64957,83,32.565,4844.34217,0
1645753560000,148.85,148.99,148.81,148.86,73.703,1645753619999,10974.55312,72,25.833,3847.60278,0
1645753620000,148.86,148.86,148.73,148.74,40.361,1645753679999,6005.76031,55,18.494,2751.81545,0
1645753680000,148.74,148.84,148.60,148.60,44.876,1645753739999,6674.21650,36,29.196,4342.40130,0
1645753740000,148.54,148.58,148.16,148.36,239.033,1645753799999,35450.35824,118,152.313,22589.06000,0
1645753800000,148.29,148.53,148.29,148.48,103.384,1645753859999,15344.09007,118,73.997,10984.49042,0
1645753860000,148.47,148.58,148.43,148.47,97.398,1645753919999,14464.88278,90,67.529,10029.98497,0
1645753920000,148.48,148.63,148.35,148.59,81.501,1645753979999,12104.50994,67,49.738,7388.54212,0
1645753980000,148.59,148.82,148.59,148.59,104.042,1645754039999,15472.64612,64,24.313,3614.63698,0
1645754040000,148.60,148.71,148.50,148.50,47.270,1645754099999,7024.74943,43,32.460,4823.94014,0
1645754100000,148.56,148.65,148.39,148.42,115.531,1645754159999,17156.58714,84,54.016,8024.11934,0
1645754160000,148.43,148.50,148.27,148.34,39.526,1645754219999,5865.78559,56,14.914,2213.64633,0
1645754220000,148.35,148.54,148.34,148.52,59.485,1645754279999,8828.69013,43,27.956,4149.41173,0
1645754280000,148.52,148.60,148.50,148.55,59.161,1645754339999,8788.40470,46,36.400,5407.24218,0
1645754340000,148.58,148.84,148.58,148.77,56.377,1645754399999,8382.35297,56,16.850,2505.10667,0
1645754400000,148.73,148.73,148.12,148.39,1649.306,1645754459999,244718.05707,389,121.523,18041.68898,0
1645754460000,148.42,148.73,148.40,148.66,155.468,1645754519999,23091.36836,98,112.058,16642.58570,0
1645754520000,148.69,148.70,148.48,148.48,91.206,1645754579999,13557.94904,66,58.229,8655.51596,0
1645754580000,148.49,148.63,148.48,148.61,59.334,1645754639999,8813.90603,44,48.815,7251.44752,0
1645754640000,148.60,148.66,148.43,148.61,46.392,1645754699999,6890.60361,53,16.278,2418.16573,0
1645754700000,148.56,148.71,148.35,148.66,64.388,1645754759999,9562.89464,50,57.957,8608.03915,0
1645754760000,148.66,148.75,148.57,148.66,105.419,1645754819999,15671.82286,70,28.107,4179.12931,0
1645754820000,148.66,148.73,148.55,148.55,51.460,1645754879999,7649.37878,30,12.647,1879.99661,0
1645754880000,148.55,148.59,148.39,148.49,51.067,1645754939999,7582.36598,45,39.584,5877.10423,0
1645754940000,148.48,148.48,148.23,148.26,115.205,1645754999999,17091.94809,92,69.461,10305.74321,0
1645755000000,148.26,148.33,147.92,148.09,478.467,1645755059999,70853.74925,222,130.180,19278.62089,0
1645755060000,148.04,148.11,147.85,147.93,67.957,1645755119999,10054.97600,65,36.789,5443.31254,0
1645755120000,147.93,148.01,147.82,148.00,67.395,1645755179999,9969.17330,68,27.712,4099.83185,0
1645755180000,148.03,148.03,147.87,148.00,165.497,1645755239999,24481.42719,57,20.016,2961.38593,0
1645755240000,148.01,148.01,147.84,147.97,202.406,1645755299999,29947.36995,155,140.190,20743.25678,0
1645755300000,147.97,147.99,147.78,147.84,117.448,1645755359999,17369.65394,92,55.199,8165.45154,0
1645755360000,147.84,148.08,147.84,148.02,164.282,1645755419999,24310.75599,92,128.462,19008.60148,0
1645755420000,147.98,147.98,147.75,147.75,73.376,1645755479999,10850.24816,64,10.995,1625.55938,0
1645755480000,147.75,147.87,147.57,147.63,218.435,1645755539999,32258.04537,126,51.038,7536.10928,0
1645755540000,147.63,148.10,147.63,148.04,196.921,1645755599999,29127.35663,108,168.514,24924.12000,0
1645755600000,148.03,148.28,148.03,148.15,159.939,1645755659999,23696.51226,93,105.295,15600.78543,0
1645755660000,148.12,148.31,148.10,148.19,154.231,1645755719999,22859.74742,126,101.985,15116.11794,0
1645755720000,148.17,148.27,148.17,148.27,50.598,1645755779999,7499.49147,46,29.772,4413.07178,0
1645755780000,148.22,148.30,148.20,148.20,44.347,1645755839999,6574.51361,41,28.532,4229.73033,0
1645755840000,148.20,148.43,148.16,148.37,40.792,1645755899999,6050.62322,57,27.203,4035.46140,0
1645755900000,148.39,148.42,148.36,148.41,29.781,1645755959999,4419.55313,29,11.922,1769.44172,0
1645755960000,148.38,148.59,148.27,148.27,121.169,1645756019999,17986.16493,102,45.713,6786.11346,0
1645756020000,148.27,148.73,148.27,148.73,150.510,1645756079999,22360.19984,70,144.030,21398.42298,0
1645756080000,148.73,148.84,148.69,148.84,132.891,1645756139999,19766.58458,98,102.076,15183.78158,0
1645756140000,148.84,148.91,148.68,148.77,219.471,1645756199999,32663.14340,143,126.359,18805.99671,0
1645756200000,148.78,149.00,148.64,148.68,208.851,1645756259999,31072.75975,102,131.956,19633.23215,0
1645756260000,148.67,148.67,148.45,148.56,115.334,1645756319999,17132.98434,79,41.160,6112.53568,0
1645756320000,148.59,148.59,148.28,148.40,73.332,1645756379999,10878.77602,44,10.869,1611.88802,0
1645756380000,148.41,148.41,148.23,148.32,34.981,1645756439999,5188.36555,25,15.121,2242.28218,0
1645756440000,148.33,148.42,148.24,148.38,36.705,1645756499999,5444.60918,37,28.743,4263.61153,0
1645756500000,148.41,148.55,148.18,148.18,52.745,1645756559999,7829.45516,48,40.777,6053.35103,0
1645756560000,148.21,148.37,148.20,148.36,85.105,1645756619999,12619.64946,84,69.164,10256.53353,0
1645756620000,148.34,148.42,148.28,148.42,33.598,1645756679999,4983.88495,48,21.272,3155.60257,0
1645756680000,148.41,148.45,148.34,148.44,24.728,1645756739999,3670.00472,29,17.333,2572.40990,0
1645756740000,148.39,148.51,148.34,148.43,29.991,1645756799999,4451.57250,35,25.989,3857.74595,0
1645756800000,148.45,148.59,148.40,148.56,85.875,1645756859999,12753.09834,52,75.717,11245.08380,0
1645756860000,148.56,148.59,148.46,148.46,8.999,1645756919999,1336.87062,21,5.892,875.27249,0
1645756920000,148.46,148.60,148.42,148.50,18.636,1645756979999,2767.86637,39,12.166,1806.83434,0
1645756980000,148.47,148.59,148.38,148.47,69.226,1645757039999,10280.48688,48,58.380,8669.54443,0
1645757040000,148.48,148.66,148.47,148.63,93.534,1645757099999,13895.78264,53,85.953,12769.21327,0
1645757100000,148.53,148.60,148.32,148.42,76.772,1645757159999,11397.27712,58,58.852,8737.05594,0
1645757160000,148.46,148.58,148.38,148.56,68.870,1645757219999,10225.32310,65,46.273,6870.64144,0
1645757220000,148.56,148.98,148.55,148.90,31.803,1645757279999,4731.90563,49,21.353,3177.09377,0
1645757280000,148.90,148.94,148.82,148.90,33.537,1645757339999,4993.45083,38,25.551,3804.51652,0
1645757340000,148.90,148.95,148.86,148.90,42.743,1645757399999,6365.63147,43,18.568,2765.55343,0
1645757400000,148.96,149.08,148.87,148.97,76.461,1645757459999,11393.23809,46,62.482,9310.67146,0
1645757460000,148.90,149.16,148.90,149.10,105.054,1645757519999,15660.10548,77,98.321,14656.23930,0
1645757520000,149.11,149.21,149.09,149.16,95.329,1645757579999,14218.41987,72,74.822,11159.72940,0
1645757580000,149.15,149.17,148.94,149.02,228.044,1645757639999,33997.40586,62,35.313,5265.13189,0
1645757640000,149.02,149.06,148.91,148.95,38.084,1645757699999,5673.12071,34,28.613,4262.37538,0
1645757700000,148.95,149.06,148.81,148.99,48.264,1645757759999,7189.69569,46,38.664,5759.71112,0
1645757760000,148.99,149.02,148.84,148.94,73.363,1645757819999,10924.64868,49,32.541,4847.32644,0
1645757820000,148.94,149.02,148.79,148.80,25.009,1645757879999,3723.49184,34,21.090,3140.21646,0
1645757880000,148.81,148.81,148.26,148.44,392.352,1645757939999,58220.01652,142,66.141,9820.56449,0
1645757940000,148.46,148.63,148.46,148.54,52.884,1645757999999,7856.58438,50,38.649,5741.40469,0
1645758000000,148.49,148.61,148.47,148.61,84.846,1645758059999,12601.29485,54,19.229,2855.73693,0
1645758060000,148.57,148.57,148.34,148.43,70.328,1645758119999,10439.82785,68,25.172,3737.07463,0
1645758120000,148.44,148.53,148.03,148.09,517.398,1645758179999,76697.79839,241,98.051,14545.47301,0
1645758180000,148.09,148.13,147.78,147.92,111.656,1645758239999,16514.14376,80,40.229,5954.23218,0
1645758240000,147.92,148.01,147.90,147.92,36.226,1645758299999,5359.87687,54,22.371,3309.74907,0
1645758300000,147.95,148.22,147.95,148.02,83.526,1645758359999,12369.95439,75,55.027,8148.83863,0
1645758360000,148.05,148.29,148.03,148.22,84.684,1645758419999,12552.10413,80,78.983,11707.47059,0
1645758420000,148.21,148.29,148.17,148.26,84.835,1645758479999,12576.02824,57,79.781,11826.78830,0
1645758480000,148.23,148.26,148.22,148.22,18.514,1645758539999,2744.56367,41,14.285,2117.60821,0
1645758540000,148.23,148.31,148.19,148.28,65.463,1645758599999,9705.00941,67,40.821,6051.25568,0
1645758600000,148.28,148.48,148.28,148.44,339.605,1645758659999,50403.57886,76,329.486,48902.66119,0
1645758660000,148.45,148.58,148.45,148.51,128.428,1645758719999,19073.49287,63,51.627,7665.95502,0
1645758720000,148.50,148.59,148.48,148.55,73.248,1645758779999,10879.24771,48,67.089,9964.33627,0
1645758780000,148.55,148.70,148.51,148.69,88.887,1645758839999,13208.55200,64,81.997,12184.56053,0
1645758840000,148.65,148.65,148.29,148.35,65.122,1645758899999,9668.56413,80,34.063,5055.44259,0
1645758900000,148.33,148.33,147.83,147.83,229.259,1645758959999,33934.25164,116,113.190,16741.75361,0
1645758960000,147.84,147.87,147.60,147.73,326.932,1645759019999,48290.52273,208,208.396,30781.25423,0
1645759020000,147.77,148.21,147.73,148.20,592.834,1645759079999,87750.81738,284,525.208,77745.37835,0
1645759080000,148.18,148.30,148.11,148.19,207.346,1645759139999,30731.13294,168,108.952,16146.26375,0
1645759140000,148.19,148.36,148.11,148.32,149.043,1645759199999,22098.38444,138,120.185,17820.01974,0
1645759200000,148.33,148.45,148.23,148.45,95.196,1645759259999,14124.04977,119,43.576,6465.43791,0
1645759260000,148.42,148.44,148.12,148.15,189.362,1645759319999,28068.99715,100,24.491,3630.81765,0
1645759320000,148.22,148.38,148.13,148.21,217.702,1645759379999,32271.80563,128,55.978,8300.48395,0
1645759380000,148.18,148.45,148.18,148.40,229.511,1645759439999,34049.86449,75,148.057,21959.97633,0
1645759440000,148.40,148.45,147.97,148.11,175.955,1645759499999,26072.12695,91,45.412,6731.80284,0
1645759500000,148.15,148.26,148.10,148.24,86.494,1645759559999,12816.56208,66,14.706,2179.29732,0
1645759560000,148.27,148.34,148.20,148.20,48.619,1645759619999,7209.29554,42,5.881,872.08512,0
1645759620000,148.25,148.37,148.17,148.34,32.544,1645759679999,4824.69222,42,13.247,1963.99602,0
1645759680000,148.33,148.34,148.19,148.22,24.303,1645759739999,3603.50910,38,8.611,1276.77081,0
1645759740000,148.20,148.30,148.13,148.25,131.884,1645759799999,19546.81384,84,105.125,15581.14167,0
1645759800000,148.23,148.35,148.19,148.19,131.984,1645759859999,19569.14885,93,120.132,17812.31263,0
1645759860000,148.18,148.31,148.16,148.25,153.550,1645759919999,22761.74023,119,82.477,12228.04300,0
1645759920000,148.28,148.43,148.25,148.40,129.420,1645759979999,19201.45555,104,81.260,12057.99764,0
1645759980000,148.40,148.48,148.37,148.48,158.668,1645760039999,23550.70764,109,132.787,19710.12560,0
1645760040000,148.43,148.50,148.32,148.32,139.999,1645760099999,20782.68958,88,84.436,12536.02182,0
1645760100000,148.37,148.53,148.29,148.33,289.603,1645760159999,42969.15323,78,222.287,32978.67006,0
1645760160000,148.32,148.42,148.29,148.29,61.876,1645760219999,9179.70492,60,28.815,4274.61894,0
1645760220000,148.29,148.44,148.22,148.43,39.846,1645760279999,5910.11655,33,17.845,2647.36631,0
1645760280000,148.43,148.49,148.22,148.45,63.628,1645760339999,9440.60141,44,12.234,1814.80260,0
1645760340000,148.45,148.45,148.35,148.41,33.146,1645760399999,4919.87411,23,13.408,1990.27740,0
1645760400000,148.39,148.73,148.39,148.68,144.290,1645760459999,21438.04831,106,73.573,10930.90828,0
1645760460000,148.70,149.06,148.70,149.05,228.917,1645760519999,34092.67634,114,202.620,30179.63744,0
1645760520000,149.01,149.44,148.97,149.38,185.492,1645760579999,27681.98904,114,113.472,16931.84258,0
1645760580000,149.38,149.47,149.20,149.34,223.045,1645760639999,33305.86115,121,99.411,14844.62038,0
1645760640000,149.33,149.59,149.30,149.57,159.069,1645760699999,23776.90784,106,110.299,16489.19833,0
1645760700000,149.58,149.70,149.51,149.67,85.580,1645760759999,12805.53969,92,56.960,8524.01669,0
1645760760000,149.67,149.78,149.53,149.59,119.489,1645760819999,17875.64755,118,44.830,6706.96389,0
1645760820000,149.58,149.67,149.55,149.62,48.062,1645760879999,7190.10644,83,30.288,4531.32999,0
1645760880000,149.62,149.76,149.58,149.74,68.766,1645760939999,10293.12140,68,54.100,8097.68251,0
1645760940000,149.70,149.88,149.69,149.79,111.011,1645760999999,16628.47291,113,47.772,7156.07133,0
1645761000000,149.78,149.84,149.71,149.83,63.826,1645761059999,9559.23261,73,34.235,5127.49173,0
1645761060000,149.82,149.86,149.68,149.76,76.921,1645761119999,11521.17417,57,22.803,3414.68672,0
1645761120000,149.76,149.82,149.73,149.75,33.448,1645761179999,5009.92814,39,19.379,2903.00935,0
1645761180000,149.76,149.94,149.63,149.66,108.365,1645761239999,16229.97228,103,49.568,7422.66951,0
1645761240000,149.66,149.99,149.66,149.83,109.398,1645761299999,16398.75900,76,75.141,11264.78617,0
1645761300000,149.84,149.98,149.80,149.88,104.417,1645761359999,15650.91944,70,66.194,9922.20620,0
1645761360000,149.88,149.98,149.59,149.69,191.976,1645761419999,28754.84227,106,49.858,7466.65010,0
1645761420000,149.70,149.77,149.66,149.69,40.450,1645761479999,6055.62143,33,3.476,520.46852,0
1645761480000,149.69,149.87,149.63,149.72,75.950,1645761539999,11370.39319,61,42.204,6319.09083,0
1645761540000,149.74,149.85,149.55,149.66,204.292,1645761599999,30580.94289,97,97.514,14601.34729,0
1645761600000,149.66,149.73,149.56,149.60,112.863,1645761659999,16888.43435,72,27.263,4079.87278,0
1645761660000,149.63,149.63,149.44,149.49,57.035,1645761719999,8526.87880,62,16.541,2473.19533,0
1645761720000,149.50,149.50,149.23,149.37,362.840,1645761779999,54195.41279,115,22.723,3393.20322,0
1645761780000,149.39,149.40,149.29,149.36,46.464,1645761839999,6938.96241,50,16.709,2495.50954,0
1645761840000,149.37,149.45,149.30,149.38,67.006,1645761899999,10008.52124,54,30.837,4606.06883,0
1645761900000,149.41,149.41,149.33,149.36,36.440,1645761959999,5443.13968,38,27.392,4091.57166,0
1645761960000,149.37,149.45,149.34,149.44,66.688,1645762019999,9962.11656,70,18.609,2780.02949,0
1645762020000,149.42,149.54,149.41,149.54,49.922,1645762079999,7460.14389,40,28.847,4311.09917,0
1645762080000,149.53,149.63,149.41,149.41,240.168,1645762139999,35914.40943,122,33.562,5019.28499,0
1645762140000,149.43,149.43,149.17,149.17,58.187,1645762199999,8687.18753,60,18.152,2709.20080,0
1645762200000,149.19,149.19,148.98,149.00,67.707,1645762259999,10092.10095,70,38.172,5688.99452,0
1645762260000,148.99,149.02,148.88,148.97,24.570,1645762319999,3660.05118,33,8.590,1279.61520,0
1645762320000,148.97,149.07,148.89,148.98,127.232,1645762379999,18959.59094,87,70.144,10452.27986,0
1645762380000,148.99,149.06,148.94,148.97,45.295,1645762439999,6749.09910,32,10.662,1588.73691,0
1645762440000,148.98,149.06,148.94,148.96,32.436,1645762499999,4832.31222,39,8.874,1321.94949,0
1645762500000,149.00,149.00,148.90,148.90,37.657,1645762559999,5609.39950,37,4.965,739.57346,0
1645762560000,148.92,149.11,148.90,149.09,65.167,1645762619999,9711.64294,66,25.979,3871.83973,0
1645762620000,149.09,149.09,148.95,148.99,43.666,1645762679999,6508.27738,54,25.168,3751.03568,0
1645762680000,148.97,148.97,148.74,148.90,82.820,1645762739999,12329.78411,68,35.379,5266.95468,0
1645762740000,148.92,148.92,148.58,148.60,75.537,1645762799999,11239.27424,65,7.391,1099.11929,0
1645762800000,148.63,148.67,148.56,148.56,47.326,1645762859999,7033.53430,49,20.547,3053.67631,0
1645762860000,148.59,148.65,148.41,148.41,214.278,1645762919999,31823.52708,113,55.307,8218.53315,0
1645762920000,148.54,148.65,148.53,148.57,21.779,1645762979999,3236.12973,38,9.312,1383.75027,0
1645762980000,148.57,148.57,148.42,148.56,69.476,1645763039999,10318.03119,53,14.902,2213.25997,0
1645763040000,148.55,148.59,148.48,148.48,21.205,1645763099999,3149.65725,26,6.414,952.60937,0
1645763100000,148.49,148.60,148.49,148.55,18.019,1645763159999,2676.42648,27,9.782,1452.86807,0
1645763160000,148.59,148.62,148.53,148.62,19.717,1645763219999,2929.19856,20,17.415,2587.12433,0
1645763220000,148.62,148.76,148.60,148.65,89.069,1645763279999,13241.85851,92,49.389,7343.37513,0
1645763280000,148.69,148.75,148.65,148.65,67.768,1645763339999,10076.45745,52,33.759,5020.20908,0
1645763340000,148.63,148.74,148.58,148.65,28.315,1645763399999,4208.61317,33,16.630,2471.33583,0
1645763400000,148.68,148.80,148.63,148.67,57.764,1645763459999,8588.65711,73,27.559,4098.03241,0
1645763460000,148.69,148.77,148.65,148.65,99.753,1645763519999,14835.02932,88,37.578,5588.39090,0
1645763520000,148.65,148.65,148.53,148.57,38.945,1645763579999,5787.12959,36,17.172,2551.53541,0
1645763580000,148.57,148.58,148.51,148.55,36.044,1645763639999,5354.24991,32,10.969,1629.46165,0
1645763640000,148.54,148.54,148.35,148.36,33.720,1645763699999,5007.26699,31,3.164,469.78084,0
1645763700000,148.35,148.35,148.07,148.15,61.446,1645763759999,9108.41416,63,13.585,2012.61301,0
1645763760000,148.20,148.25,148.16,148.25,24.699,1645763819999,3660.01547,21,3.735,553.62194,0
1645763820000,148.29,148.29,148.16,148.18,61.425,1645763879999,9106.50676,37,9.647,1429.82935,0
1645763880000,148.17,148.20,147.97,147.98,78.577,1645763939999,11639.20858,69,32.572,4825.70458,0
1645763940000,148.03,148.07,147.98,148.01,22.129,1645763999999,3275.22388,29,0.510,75.49862,0
1645764000000,147.99,148.01,147.87,148.01,116.728,1645764059999,17268.19698,68,87.039,12876.52331,0
1645764060000,148.01,148.01,147.93,147.94,34.812,1645764119999,5151.57267,58,2.592,383.62603,0
1645764120000,147.96,148.14,147.95,148.04,38.515,1645764179999,5700.70100,59,19.495,2885.87368,0
1645764180000,148.04,148.16,148.04,148.12,50.916,1645764239999,7541.34671,39,6.815,1009.25562,0
1645764240000,148.14,148.17,148.05,148.16,30.195,1645764299999,4472.41936,43,13.903,2059.41892,0
1645764300000,148.14,148.14,148.00,148.00,13.269,1645764359999,1965.11940,28,0.080,11.84280,0
1645764360000,148.04,148.41,148.01,148.28,123.792,1645764419999,18350.85244,111,32.404,4801.92682,0
1645764420000,148.28,148.32,147.89,147.93,118.223,1645764479999,17509.46907,100,32.023,4742.06188,0
1645764480000,147.95,148.04,147.91,147.94,27.612,1645764539999,4085.86649,67,6.301,932.23589,0
1645764540000,147.95,148.14,147.86,148.12,60.666,1645764599999,8977.03571,51,14.185,2098.83068,0
1645764600000,148.16,148.29,148.12,148.24,33.750,1645764659999,5002.13257,56,8.820,1307.45625,0
1645764660000,148.27,148.31,148.22,148.22,55.146,1645764719999,8176.64703,38,7.288,1080.45714,0
1645764720000,148.21,148.27,148.21,148.27,17.511,1645764779999,2595.83523,21,3.769,558.66394,0
1645764780000,148.25,148.43,148.22,148.37,61.266,1645764839999,9086.91433,60,24.367,3614.08433,0
1645764840000,148.37,148.51,148.37,148.49,37.507,1645764899999,5568.29252,39,21.685,3219.11231,0
1645764900000,148.55,148.65,148.55,148.57,53.069,1645764959999,7885.48297,41,25.294,3758.09586,0
1645764960000,148.57,148.68,148.57,148.61,51.371,1645765019999,7633.66803,27,34.705,5156.66873,0
1645765020000,148.62,148.67,148.41,148.45,116.324,1645765079999,17278.97824,97,39.652,5888.62189,0
1645765080000,148.46,148.51,148.43,148.47,36.126,1645765139999,5363.23763,42,11.927,1770.79597,0
1645765140000,148.47,148.48,148.20,148.26,66.981,1645765199999,9938.31001,69,30.012,4453.35190,0
1645765200000,148.19,148.43,148.11,148.40,131.298,1645765259999,19475.92406,98,117.772,17469.13534,0
1645765260000,148.41,148.46,148.39,148.46,49.743,1645765319999,7382.39752,39,40.199,5965.72792,0
1645765320000,148.46,148.60,148.19,148.54,368.904,1645765379999,54739.89495,160,94.931,14096.02152,0
1645765380000,148.50,148.52,148.39,148.39,30.607,1645765439999,4544.23983,40,13.740,2040.19843,0
1645765440000,148.41,148.59,148.10,148.11,208.322,1645765499999,30916.86013,138,75.684,11233.51123,0
1645765500000,148.11,148.11,147.72,147.78,100.498,1645765559999,14859.16951,103,57.693,8528.89686,0
1645765560000,147.79,147.79,147.56,147.56,103.508,1645765619999,15286.03814,89,33.260,4911.89501,0
1645765620000,147.57,147.69,147.55,147.56,127.568,1645765679999,18829.13037,65,95.474,14092.54983,0
1645765680000,147.60,147.75,147.28,147.42,247.537,1645765739999,36526.35845,154,116.446,17178.23717,0
1645765740000,147.44,147.55,147.09,147.14,314.597,1645765799999,46328.99804,163,77.254,11381.72707,0
1645765800000,147.16,147.53,147.07,147.39,512.860,1645765859999,75555.79856,320,417.052,61449.58327,0
1645765860000,147.38,147.45,147.19,147.30,110.167,1645765919999,16228.78301,118,40.220,5926.12137,0
1645765920000,147.29,147.38,147.19,147.28,75.618,1645765979999,11139.89745,108,35.109,5172.18443,0
1645765980000,147.28,147.43,147.11,147.15,180.534,1645766039999,26579.92205,95,38.482,5665.64060,0
1645766040000,147.15,147.22,146.81,146.87,133.346,1645766099999,19597.69029,121,56.847,8358.15898,0
1645766100000,146.85,146.99,146.82,146.99,158.673,1645766159999,23308.49294,72,150.399,22092.79337,0
1645766160000,146.99,147.16,146.97,147.13,90.632,1645766219999,13328.60340,79,35.363,5198.86596,0
1645766220000,147.15,147.70,147.15,147.70,179.588,1645766279999,26467.66397,105,115.140,16976.04570,0
1645766280000,147.69,147.74,147.56,147.63,112.600,1645766339999,16621.89296,81,31.370,4632.14269,0
1645766340000,147.63,147.69,147.38,147.51,137.934,1645766399999,20347.89459,90,25.183,3714.24798,0
1645766400000,147.52,147.59,147.42,147.51,83.729,1645766459999,12350.68032,84,31.969,4716.29686,0
1645766460000,147.52,147.62,147.40,147.47,385.155,1645766519999,56814.99869,112,172.457,25449.34927,0
1645766520000,147.55,147.75,147.49,147.71,78.649,1645766579999,11607.01984,73,15.257,2251.79256,0
1645766580000,147.67,147.74,147.45,147.56,236.185,1645766639999,34866.85003,124,23.845,3519.63856,0
1645766640000,147.49,147.53,147.34,147.34,84.259,1645766699999,12421.32983,66,29.900,4409.12645,0
1645766700000,147.36,147.43,147.30,147.41,60.447,1645766759999,8907.52924,62,34.209,5041.25246,0
1645766760000,147.44,147.56,147.27,147.29,59.788,1645766819999,8814.39393,61,17.317,2552.40194,0
1645766820000,147.31,147.39,147.19,147.30,69.041,1645766879999,10168.40144,54,51.108,7526.86479,0
1645766880000,147.33,147.39,147.20,147.30,85.806,1645766939999,12638.72008,52,17.348,2555.22555,0
1645766940000,147.29,147.29,147.11,147.17,41.372,1645766999999,6087.53193,39,26.522,3901.73857,0
1645767000000,147.18,147.18,147.01,147.10,157.729,1645767059999,23203.50528,80,126.536,18615.76073,0
1645767060000,147.18,147.49,147.09,147.42,146.844,1645767119999,21627.03735,115,68.274,10058.85936,0
1645767120000,147.43,147.48,146.75,146.94,1137.710,1645767179999,167286.55198,518,208.229,30609.39394,0
1645767180000,146.97,147.22,146.94,147.22,85.907,1645767239999,12632.69272,68,30.608,4501.35492,0
1645767240000,147.21,147.24,147.11,147.11,43.063,1645767299999,6338.74423,58,19.468,2865.72243,0
1645767300000,147.10,147.19,146.99,147.12,72.900,1645767359999,10722.32751,70,32.817,4827.25889,0
1645767360000,147.12,147.18,146.98,147.13,85.681,1645767419999,12603.25192,80,27.084,3984.00880,0
1645767420000,147.13,147.17,147.00,147.00,60.152,1645767479999,8848.93538,63,20.299,2986.19641,0
1645767480000,146.98,147.33,146.95,147.29,158.312,1645767539999,23282.51203,113,114.884,16898.50134,0
1645767540000,147.29,147.30,147.15,147.17,69.179,1645767599999,10185.70003,93,34.008,5007.63361,0
1645767600000,147.16,147.27,147.11,147.17,166.784,1645767659999,24541.40736,97,140.871,20727.62261,0
1645767660000,147.17,147.33,147.17,147.31,80.932,1645767719999,11919.47606,72,56.760,8360.01420,0
1645767720000,147.38,147.41,147.29,147.38,61.608,1645767779999,9079.29222,60,19.638,2894.15342,0
1645767780000,147.39,147.42,147.29,147.34,166.752,1645767839999,24573.35153,133,41.209,6073.24423,0
1645767840000,147.36,147.42,147.25,147.39,112.076,1645767899999,16513.31074,99,37.268,5491.61222,0
1645767900000,147.38,147.42,147.07,147.19,335.712,1645767959999,49416.99617,166,28.800,4242.81113,0
1645767960000,147.25,147.28,147.19,147.21,99.557,1645768019999,14658.23217,84,41.856,6163.28791,0
1645768020000,147.22,147.47,147.20,147.29,194.638,1645768079999,28686.39389,131,97.689,14400.79922,0
1645768080000,147.27,147.37,147.18,147.22,64.815,1645768139999,9545.52795,78,27.087,3989.36079,0
1645768140000,147.23,147.33,147.22,147.29,46.451,1645768199999,6840.22029,73,11.146,1641.64342,0
1645768200000,147.30,147.30,146.99,147.19,321.286,1645768259999,47285.06800,163,100.669,14815.17366,0
1645768260000,147.13,147.24,147.05,147.20,82.770,1645768319999,12182.50847,80,34.510,5079.05421,0
1645768320000,147.18,147.20,146.95,146.98,29.740,1645768379999,4376.29759,47,9.217,1356.28853,0
1645768380000,147.02,147.02,146.77,146.81,76.673,1645768439999,11264.13699,70,20.017,2939.78466,0
1645768440000,146.81,146.84,146.54,146.59,385.914,1645768499999,56603.01179,207,102.782,15076.50854,0
1645768500000,146.60,146.65,146.48,146.56,129.923,1645768559999,19042.92753,154,63.826,9355.63947,0
1645768560000,146.59,146.65,146.54,146.56,81.568,1645768619999,11956.64267,101,47.335,6938.80869,0
1645768620000,146.56,146.67,146.54,146.57,94.145,1645768679999,13800.82451,104,50.008,7331.55377,0
1645768680000,146.57,146.61,146.31,146.34,60.224,1645768739999,8821.79249,140,35.257,5165.67277,0
1645768740000,146.35,146.39,146.15,146.30,302.352,1645768799999,44222.21925,145,87.483,12798.95539,0
1645768800000,146.30,146.56,146.29,146.40,167.756,1645768859999,24572.57213,133,79.801,11687.09591,0
1645768860000,146.39,146.45,146.19,146.21,105.088,1645768919999,15382.18039,124,38.832,5683.94600,0
1645768920000,146.21,146.27,146.14,146.15,61.439,1645768979999,8983.56001,70,29.666,4337.95845,0
1645768980000,146.16,146.30,146.16,146.29,46.221,1645769039999,6759.87702,64,23.517,3439.41279,0
1645769040000,146.26,146.33,146.21,146.33,71.263,1645769099999,10424.32741,75,41.997,6143.49163,0
1645769100000,146.27,146.33,145.99,146.02,99.839,1645769159999,14592.92916,84,63.984,9354.30629,0
1645769160000,145.99,146.03,145.88,145.92,82.645,1645769219999,12063.67342,99,31.898,4656.99429,0
1645769220000,145.95,146.12,145.94,146.10,103.146,1645769279999,15063.44916,100,56.839,8301.90573,0
1645769280000,146.10,146.37,146.10,146.32,164.440,1645769339999,24049.91119,137,117.193,17136.46480,0
1645769340000,146.32,146.55,146.32,146.55,97.669,1645769399999,14301.61676,84,55.243,8090.08128,0
1645769400000,146.54,146.86,146.52,146.85,99.676,1645769459999,14615.46125,93,66.859,9804.44359,0
1645769460000,146.85,147.06,146.83,147.06,186.018,1645769519999,27340.96914,99,142.230,20906.40265,0
1645769520000,146.96,147.02,146.88,146.98,115.578,1645769579999,16985.83483,110,22.979,3377.85338,0
1645769580000,146.99,147.01,146.83,146.89,115.822,1645769639999,17016.60317,135,19.425,2853.83214,0
1645769640000,146.91,147.15,146.77,147.14,129.205,1645769699999,18980.40246,108,36.322,5338.17658,0
1645769700000,147.15,147.15,146.84,146.88,83.885,1645769759999,12330.28140,121,23.353,3431.28524,0
1645769760000,146.93,147.08,146.88,147.08,107.381,1645769819999,15782.17808,89,76.362,11222.92342,0
1645769820000,147.08,147.24,147.08,147.19,98.639,1645769879999,14519.46282,113,26.684,3927.56009,0
1645769880000,147.24,147.54,147.24,147.29,343.688,1645769939999,50671.04948,199,212.301,31306.87637,0
1645769940000,147.33,147.57,147.26,147.53,291.108,1645769999999,42913.37360,116,206.067,30384.16960,0
1645770000000,147.53,147.78,147.43,147.54,163.006,1645770059999,24062.43248,173,99.842,14740.42744,0
1645770060000,147.54,147.59,147.40,147.51,93.398,1645770119999,13779.78605,90,15.261,2251.85677,0
1645770120000,147.54,147.55,147.27,147.36,283.038,1645770179999,41714.67289,133,25.370,3738.30143,0
1645770180000,147.33,147.36,147.22,147.28,229.304,1645770239999,33785.74332,84,25.162,3706.93549,0
1645770240000,147.31,147.42,147.31,147.40,37.095,1645770299999,5466.48398,61,13.313,1962.11397,0
1645770300000,147.45,147.46,147.24,147.35,75.991,1645770359999,11197.32249,71,32.666,4812.75422,0
1645770360000,147.36,147.37,147.13,147.21,66.406,1645770419999,9780.38125,79,19.751,2908.15445,0
1645770420000,147.22,147.30,147.20,147.23,61.437,1645770479999,9045.94482,63,14.650,2157.26501,0
1645770480000,147.27,147.31,147.23,147.26,48.366,1645770539999,7122.77721,61,22.077,3251.58268,0
1645770540000,147.26,147.34,147.17,147.24,102.242,1645770599999,15057.25209,105,32.240,4747.82441,0
1645770600000,147.30,147.38,147.15,147.20,133.693,1645770659999,19690.68452,104,41.831,6158.90019,0
1645770660000,147.16,147.25,147.08,147.15,161.407,1645770719999,23753.84009,141,126.470,18612.43117,0
1645770720000,147.15,147.18,147.09,147.16,26.765,1645770779999,3937.85124,69,11.834,1741.23000,0
1645770780000,147.15,147.19,147.09,147.12,51.785,1645770839999,7619.22007,67,37.777,5558.64879,0
1645770840000,147.13,147.22,147.09,147.20,21.533,1645770899999,3168.14493,34,19.382,2851.68397,0
1645770900000,147.20,147.43,147.20,147.41,84.526,1645770959999,12453.04750,90,58.126,8563.87167,0
1645770960000,147.38,147.40,147.28,147.29,53.566,1645771019999,7894.08652,42,44.785,6600.23422,0
1645771020000,147.28,147.36,147.16,147.26,96.888,1645771079999,14263.85952,63,37.555,5530.65913,0
1645771080000,147.27,147.31,147.26,147.26,30.190,1645771139999,4446.14361,41,23.778,3501.81654,0
1645771140000,147.27,147.32,147.27,147.30,26.665,1645771199999,3927.28034,32,18.465,2719.49556,0
1645771200000,147.30,147.65,147.25,147.65,82.770,1645771259999,12200.96598,120,52.277,7706.56863,0
1645771260000,147.62,147.82,147.53,147.76,113.261,1645771319999,16722.32025,69,71.186,10511.75487,0
1645771320000,147.73,147.74,147.60,147.67,34.193,1645771379999,5050.01117,39,25.627,3785.54388,0
1645771380000,147.66,147.66,147.34,147.43,72.557,1645771439999,10698.77162,63,53.962,7955.80034,0
1645771440000,147.45,147.45,147.16,147.23,111.683,1645771499999,16450.45358,124,29.632,4366.68626,0
1645771500000,147.20,147.29,147.05,147.20,202.844,1645771559999,29851.75214,170,54.246,7983.99801,0
1645771560000,147.21,147.40,147.17,147.30,146.416,1645771619999,21564.33704,138,79.649,11733.09888,0
1645771620000,147.32,147.38,147.09,147.09,252.739,1645771679999,37205.71393,140,39.693,5844.67734,0
1645771680000,147.11,147.22,147.07,147.19,98.377,1645771739999,14474.35138,78,63.300,9313.34594,0
1645771740000,147.19,147.22,147.08,147.19,85.251,1645771799999,12544.55442,109,55.017,8096.52078,0
1645771800000,147.13,147.21,147.05,147.16,103.841,1645771859999,15276.46389,192,56.725,8346.22691,0
1645771860000,147.09,147.22,147.09,147.10,99.536,1645771919999,14647.60893,126,45.640,6717.18246,0
1645771920000,147.10,147.43,147.06,147.26,314.148,1645771979999,46275.67605,189,140.918,20755.14064,0
1645771980000,147.31,147.42,147.22,147.25,199.257,1645772039999,29358.59205,141,79.574,11724.30717,0
1645772040000,147.26,147.40,147.22,147.32,59.026,1645772099999,8695.11159,61,21.968,3236.34839,0
1645772100000,147.34,147.46,147.31,147.46,64.552,1645772159999,9513.05027,97,23.942,3528.71945,0
1645772160000,147.46,147.53,147.36,147.36,49.762,1645772219999,7336.37110,66,23.577,3476.48828,0
1645772220000,147.41,147.58,147.41,147.45,71.243,1645772279999,10508.63676,81,36.408,5370.65849,0
1645772280000,147.45,147.48,147.20,147.20,82.391,1645772339999,12141.23349,140,13.994,2062.98691,0
1645772340000,147.24,147.39,147.14,147.28,102.088,1645772399999,15031.22466,83,19.020,2801.59637,0
1645772400000,147.28,147.39,147.23,147.39,116.398,1645772459999,17146.18996,56,19.916,2933.72688,0
1645772460000,147.38,147.46,147.34,147.46,58.791,1645772519999,8666.02758,65,9.022,1329.79086,0
1645772520000,147.52,148.03,147.52,147.95,281.940,1645772579999,41666.96952,186,188.361,27837.46133,0
1645772580000,147.97,148.03,147.88,147.99,162.772,1645772639999,24085.95722,106,132.107,19549.48671,0
1645772640000,147.94,148.00,147.90,147.93,29.297,1645772699999,4334.84068,50,17.162,2539.29734,0
1645772700000,147.92,147.95,147.76,147.76,55.376,1645772759999,8188.14740,65,16.394,2424.66499,0
1645772760000,147.67,147.68,147.48,147.51,72.725,1645772819999,10732.15852,87,13.335,1967.68191,0
1645772820000,147.50,147.58,147.44,147.47,28.363,1645772879999,4183.48128,46,16.719,2466.07137,0
1645772880000,147.42,147.48,147.38,147.44,64.624,1645772939999,9527.21956,52,16.311,2405.03249,0
1645772940000,147.44,147.48,147.31,147.47,41.881,1645772999999,6173.96251,65,26.213,3864.01469,0
1645773000000,147.47,147.65,147.38,147.58,59.641,1645773059999,8799.15498,60,36.427,5374.87246,0
1645773060000,147.64,147.93,147.64,147.83,164.780,1645773119999,24358.49253,89,129.720,19176.53982,0
1645773120000,147.81,147.81,147.61,147.71,30.104,1645773179999,4446.02910,37,13.070,1930.32911,0
1645773180000,147.71,147.81,147.48,147.57,87.602,1645773239999,12934.15357,80,59.171,8737.93643,0
1645773240000,147.58,147.61,147.48,147.55,32.819,1645773299999,4842.33331,54,22.306,3291.06633,0
1645773300000,147.52,147.68,147.50,147.53,116.033,1645773359999,17129.60750,65,100.842,14886.62419,0
1645773360000,147.53,147.60,147.41,147.44,129.242,1645773419999,19062.39420,136,23.993,3539.34714,0
1645773420000,147.48,147.60,147.25,147.25,242.058,1645773479999,35683.07528,226,94.437,13921.65110,0
1645773480000,147.26,147.41,147.25,147.35,73.382,1645773539999,10811.61569,109,28.483,4196.96076,0
1645773540000,147.39,147.48,147.25,147.34,91.537,1645773599999,13485.35092,96,39.076,5757.41040,0
1645773600000,147.35,147.63,147.35,147.46,153.558,1645773659999,22650.72294,107,115.658,17061.03594,0
1645773660000,147.43,147.49,147.36,147.44,110.714,1645773719999,16322.62518,69,64.285,9477.07615,0
1645773720000,147.39,147.44,147.30,147.38,58.856,1645773779999,8674.29271,47,30.469,4491.13579,0
1645773780000,147.41,147.47,147.34,147.38,108.212,1645773839999,15949.01901,115,26.521,3909.14830,0
1645773840000,147.45,147.46,147.35,147.40,91.744,1645773899999,13522.06374,109,17.881,2635.80269,0
1645773900000,147.40,147.42,147.25,147.30,121.175,1645773959999,17854.21404,141,39.685,5848.05028,0
1645773960000,147.29,147.37,147.20,147.36,51.551,1645774019999,7592.58832,70,26.591,3916.63476,0
1645774020000,147.38,147.62,147.36,147.41,91.943,1645774079999,13559.35436,85,37.820,5578.25017,0
1645774080000,147.42,147.62,147.40,147.60,55.562,1645774139999,8197.80086,65,11.514,1699.02017,0
1645774140000,147.59,147.60,147.40,147.57,125.044,1645774199999,18442.89713,87,59.284,8742.82065,0
1645774200000,147.53,147.70,147.21,147.28,178.903,1645774259999,26386.43506,130,58.369,8601.89078,0
1645774260000,147.28,147.46,147.27,147.42,130.330,1645774319999,19205.87073,113,32.378,4772.11404,0
1645774320000,147.41,147.44,147.30,147.35,115.637,1645774379999,17042.71968,90,19.536,2879.32413,0
1645774380000,147.35,147.42,147.25,147.34,84.424,1645774439999,12438.54339,98,40.527,5971.66116,0
1645774440000,147.34,147.40,147.34,147.39,8.589,1645774499999,1265.76621,24,1.291,190.24329,0
1645774500000,147.42,147.56,147.39,147.39,63.958,1645774559999,9433.90490,84,19.268,2842.05884,0
1645774560000,147.42,147.61,147.41,147.61,26.302,1645774619999,3880.07049,50,15.747,2322.82766,0
1645774620000,147.64,147.66,147.52,147.52,39.663,1645774679999,5855.42337,49,3.349,494.33675,0
1645774680000,147.54,147.56,147.43,147.44,20.671,1645774739999,3049.45851,30,5.373,792.61799,0
1645774740000,147.47,147.54,147.47,147.47,22.267,1645774799999,3284.68709,30,11.708,1727.04691,0
1645774800000,147.47,147.64,147.45,147.64,61.199,1645774859999,9030.24954,46,49.119,7247.95949,0
1645774860000,147.66,147.73,147.66,147.68,26.773,1645774919999,3954.20445,35,18.938,2796.99238,0
1645774920000,147.68,147.82,147.63,147.82,104.041,1645774979999,15365.49768,77,16.025,2366.84509,0
1645774980000,147.81,147.87,147.80,147.85,14.771,1645775039999,2183.54329,35,8.834,1305.92258,0
1645775040000,147.85,147.86,147.81,147.84,28.374,1645775099999,4194.77015,41,16.447,2431.49862,0
1645775100000,147.84,148.11,147.84,148.05,284.709,1645775159999,42139.18295,105,88.836,13148.37214,0
1645775160000,148.02,148.21,148.02,148.08,257.111,1645775219999,38094.32948,106,237.785,35232.21445,0
1645775220000,148.13,148.22,148.11,148.22,22.964,1645775279999,3402.36922,43,13.393,1984.51695,0
1645775280000,148.16,148.21,148.05,148.11,18.198,1645775339999,2695.80181,34,9.693,1435.90543,0
1645775340000,148.12,148.12,147.95,147.95,80.210,1645775399999,11871.55289,56,63.458,9392.18772,0
1645775400000,147.97,148.12,147.76,147.76,50.691,1645775459999,7500.71732,52,31.013,4590.26028,0
1645775460000,147.79,147.85,147.73,147.80,56.012,1645775519999,8277.88611,61,32.745,4839.61611,0
1645775520000,147.79,147.86,147.67,147.81,59.067,1645775579999,8728.60626,70,37.755,5579.86502,0
1645775580000,147.82,147.93,147.78,147.81,44.545,1645775639999,6587.36419,46,29.045,4295.63690,0
1645775640000,147.81,147.98,147.75,147.75,32.159,1645775699999,4756.13463,74,24.902,3683.38081,0
1645775700000,147.70,147.73,147.37,147.39,56.053,1645775759999,8265.01107,77,33.943,5004.73079,0
1645775760000,147.43,147.43,147.21,147.22,91.180,1645775819999,13429.64023,104,12.901,1900.05886,0
1645775820000,147.24,147.40,147.22,147.31,136.748,1645775879999,20140.50785,167,51.486,7584.65277,0
1645775880000,147.30,147.40,147.20,147.27,145.672,1645775939999,21456.00431,151,41.459,6107.19179,0
1645775940000,147.27,147.52,147.23,147.52,122.013,1645775999999,17977.95301,98,30.447,4487.86957,0
1645776000000,147.44,147.50,147.28,147.31,130.476,1645776059999,19233.84409,79,34.882,5142.11759,0
1645776060000,147.32,147.51,147.23,147.27,236.953,1645776119999,34937.39413,120,169.068,24930.74342,0
1645776120000,147.26,147.53,147.14,147.53,132.340,1645776179999,19493.22170,107,50.105,7383.63647,0
1645776180000,147.54,147.79,147.54,147.69,126.653,1645776239999,18702.47834,82,54.188,8000.53044,0
1645776240000,147.72,147.88,147.56,147.76,105.127,1645776299999,15533.02964,98,46.413,6858.03393,0
1645776300000,147.75,147.82,147.71,147.78,67.877,1645776359999,10029.88179,74,29.403,4345.17552,0
1645776360000,147.76,147.76,147.44,147.50,140.939,1645776419999,20796.68546,134,74.081,10928.88194,0
1645776420000,147.50,147.50,147.24,147.40,222.568,1645776479999,32796.51542,117,123.331,18173.41475,0
1645776480000,147.37,147.37,147.28,147.35,70.723,1645776539999,10420.36162,85,42.856,6314.16195,0
1645776540000,147.33,147.34,147.17,147.17,82.548,1645776599999,12154.18311,112,29.053,4276.99456,0
1645776600000,147.17,147.21,147.10,147.19,164.982,1645776659999,24274.86102,87,140.751,20708.82642,0
1645776660000,147.20,147.34,147.09,147.09,253.682,1645776719999,37326.80162,120,176.201,25924.29955,0
1645776720000,147.10,147.13,147.03,147.09,129.737,1645776779999,19080.85827,91,99.148,14581.91101,0
1645776780000,147.10,147.13,146.14,146.62,1024.806,1645776839999,150243.00842,279,350.684,51401.64045,0
1645776840000,146.65,146.70,146.03,146.50,367.101,1645776899999,53737.67641,184,102.366,14999.02453,0
1645776900000,146.47,146.59,146.25,146.28,197.327,1645776959999,28902.42535,109,88.818,13009.92947,0
1645776960000,146.30,146.35,145.98,146.21,218.056,1645777019999,31861.42004,139,43.507,6359.71938,0
1645777020000,146.20,146.45,146.13,146.45,87.609,1645777079999,12814.25859,75,30.305,4433.63349,0
1645777080000,146.44,146.76,146.44,146.73,96.961,1645777139999,14211.34964,55,57.065,8359.72461,0
1645777140000,146.83,146.83,146.67,146.74,26.945,1645777199999,3953.96564,43,6.317,926.99160,0
1645777200000,146.77,146.77,146.41,146.50,248.398,1645777259999,36409.25808,146,24.473,3588.24287,0
1645777260000,146.51,146.63,146.31,146.31,216.473,1645777319999,31717.20168,174,55.947,8198.01321,0
1645777320000,146.33,146.37,146.23,146.23,81.979,1645777379999,11994.23629,75,24.754,3621.91044,0
1645777380000,146.28,146.54,146.23,146.27,228.150,1645777439999,33392.06487,91,130.566,19112.18012,0
1645777440000,146.33,146.45,146.32,146.35,79.453,1645777499999,11630.40688,66,11.334,1659.08903,0
1645777500000,146.42,146.54,146.26,146.26,57.960,1645777559999,8484.96332,41,12.909,1890.08133,0
1645777560000,146.25,146.28,146.10,146.26,196.341,1645777619999,28695.53795,91,115.623,16894.29790,0
1645777620000,146.29,146.36,146.16,146.36,125.704,1645777679999,18385.33903,72,23.639,3458.50546,0
1645777680000,146.38,146.65,146.16,146.58,209.041,1645777739999,30593.97814,119,139.583,20431.70980,0
1645777740000,146.61,146.75,146.60,146.75,79.302,1645777799999,11631.13167,82,30.152,4423.06781,0
1645777800000,146.74,146.76,146.46,146.55,212.755,1645777859999,31196.99147,138,59.933,8790.22059,0
1645777860000,146.53,146.61,146.40,146.47,158.975,1645777919999,23291.38152,106,28.478,4171.71433,0
1645777920000,146.50,146.60,146.38,146.60,92.437,1645777979999,13538.77429,153,31.355,4593.43188,0
1645777980000,146.59,146.65,146.41,146.43,90.466,1645778039999,13255.81340,77,33.750,4946.90022,0
1645778040000,146.43,146.45,146.32,146.32,55.042,1645778099999,8057.42944,61,12.544,1836.44173,0
1645778100000,146.37,146.39,146.09,146.11,118.028,1645778159999,17256.81764,83,36.308,5309.51068,0
1645778160000,146.17,146.45,146.10,146.45,103.743,1645778219999,15172.52784,69,78.350,11459.21158,0
1645778220000,146.45,146.45,146.24,146.29,50.402,1645778279999,7376.12744,71,12.274,1795.81272,0
1645778280000,146.31,146.63,146.24,146.48,132.254,1645778339999,19369.25941,85,47.286,6922.21858,0
1645778340000,146.45,146.52,146.40,146.47,43.730,1645778399999,6404.59834,51,30.766,4505.93754,0
1645778400000,146.58,146.64,146.54,146.54,14.410,1645778459999,2112.51536,21,11.504,1686.55115,0
1645778460000,146.52,146.54,146.44,146.51,24.846,1645778519999,3639.52933,29,9.635,1411.59352,0
1645778520000,146.49,146.61,146.44,146.45,62.893,1645778579999,9214.96814,68,39.775,5827.85268,0
1645778580000,146.49,146.95,146.49,146.95,88.121,1645778639999,12933.30915,72,51.983,7628.68990,0
1645778640000,146.94,146.97,146.82,146.85,70.017,1645778699999,10286.44476,59,51.976,7636.19890,0
1645778700000,146.88,147.15,146.62,147.15,304.751,1645778759999,44738.17907,136,211.057,30993.87170,0
1645778760000,147.13,147.41,147.13,147.32,426.460,1645778819999,62816.41426,124,333.980,49194.02340,0
1645778820000,147.33,147.33,147.18,147.24,25.754,1645778879999,3792.99525,33,7.736,1139.10192,0
1645778880000,147.25,147.25,147.05,147.05,14.573,1645778939999,2144.98939,35,6.170,908.14988,0
1645778940000,147.07,147.11,146.97,147.04,54.816,1645778999999,8059.41201,52,23.010,3383.53005,0
1645779000000,147.02,147.06,146.76,147.02,209.414,1645779059999,30755.37635,64,15.327,2252.97910,0
1645779060000,147.09,147.30,147.00,147.06,59.501,1645779119999,8753.94190,65,10.881,1601.11771,0
1645779120000,147.01,147.18,147.00,147.10,128.881,1645779179999,18955.57574,97,24.395,3587.66721,0
1645779180000,147.10,147.21,147.00,147.05,229.385,1645779239999,33741.86931,154,65.842,9686.59945,0
1645779240000,147.07,147.11,146.98,147.09,58.670,1645779299999,8627.10330,61,29.880,4393.95251,0
1645779300000,147.09,147.39,147.00,147.31,124.289,1645779359999,18296.85909,82,89.552,13182.79932,0
1645779360000,147.34,147.34,147.06,147.10,41.923,1645779419999,6167.77711,43,10.852,1596.66676,0
1645779420000,147.10,147.22,147.03,147.05,80.270,1645779479999,11809.95333,68,18.278,2689.18490,0
1645779480000,147.01,147.19,146.95,147.18,178.868,1645779539999,26308.32612,81,36.965,5438.42192,0
1645779540000,147.18,147.19,146.93,146.93,67.465,1645779599999,9919.45238,75,17.415,2560.33465,0
1645779600000,146.94,147.14,146.67,147.02,215.201,1645779659999,31610.81471,155,140.625,20657.92179,0
1645779660000,146.98,147.30,146.98,147.16,132.902,1645779719999,19562.86274,107,34.383,5061.98971,0
1645779720000,147.20,147.30,147.05,147.05,172.704,1645779779999,25424.08296,109,90.171,13278.65069,0
1645779780000,147.08,147.11,146.84,146.84,108.781,1645779839999,15986.94680,108,27.933,4105.54090,0
1645779840000,146.87,146.87,146.52,146.55,108.076,1645779899999,15853.23197,107,17.845,2618.40545,0
1645779900000,146.56,146.62,146.25,146.26,117.498,1645779959999,17204.45512,125,17.733,2597.60083,0
1645779960000,146.30,146.33,146.20,146.30,118.635,1645780019999,17352.53546,88,15.770,2306.80730,0
1645780020000,146.31,146.42,146.22,146.28,90.208,1645780079999,13199.52939,83,14.089,2061.93865,0
1645780080000,146.30,146.39,146.22,146.26,57.158,1645780139999,8363.44666,54,8.747,1279.68755,0
1645780140000,146.26,146.37,146.23,146.25,46.677,1645780199999,6828.02260,68,9.464,1384.57457,0
1645780200000,146.30,146.37,146.10,146.14,98.622,1645780259999,14422.53341,88,14.875,2175.63568,0
1645780260000,146.18,146.27,146.16,146.20,99.313,1645780319999,14518.33349,58,38.426,5616.46877,0
1645780320000,146.24,146.28,146.16,146.16,40.860,1645780379999,5974.80695,33,3.288,480.82674,0
1645780380000,146.11,146.13,146.05,146.13,46.094,1645780439999,6734.01797,25,5.782,844.68329,0
1645780440000,146.13,146.20,146.06,146.13,40.145,1645780499999,5866.15606,35,9.058,1323.77413,0
1645780500000,146.17,146.38,146.17,146.24,83.622,1645780559999,12235.32862,37,61.345,8976.28512,0
1645780560000,146.25,146.48,146.07,146.45,107.917,1645780619999,15783.92090,78,41.127,6018.90130,0
1645780620000,146.43,146.56,146.30,146.35,98.963,1645780679999,14489.67550,57,16.712,2448.20040,0
1645780680000,146.34,146.52,146.23,146.27,315.305,1645780739999,46146.87632,90,127.705,18702.42912,0
1645780740000,146.30,146.33,146.28,146.33,22.004,1645780799999,3219.06295,16,5.615,821.42301,0
1645780800000,146.36,146.64,146.36,146.64,46.344,1645780859999,6790.41128,39,20.992,3075.13724,0
1645780860000,146.62,146.62,146.29,146.31,152.082,1645780919999,22264.59993,55,22.686,3321.66026,0
1645780920000,146.34,146.34,146.03,146.03,68.038,1645780979999,9942.00281,36,14.574,2130.97050,0
1645780980000,146.08,146.14,146.02,146.02,76.617,1645781039999,11190.47353,41,30.609,4471.22406,0
1645781040000,146.04,146.07,145.64,145.64,229.380,1645781099999,33471.83846,161,29.681,4331.76442,0
1645781100000,145.63,145.64,144.94,145.18,513.960,1645781159999,74669.91607,363,216.682,31486.44725,0
1645781160000,145.22,145.35,145.07,145.15,179.472,1645781219999,26062.89667,141,123.622,17955.89321,0
1645781220000,145.18,145.28,145.06,145.08,57.990,1645781279999,8417.83931,69,26.618,3863.89261,0
1645781280000,145.06,145.13,144.86,144.92,133.448,1645781339999,19352.65815,114,35.793,5191.50439,0
1645781340000,144.91,145.15,144.91,144.95,421.782,1645781399999,61170.69752,157,400.420,58073.42763,0
1645781400000,144.94,145.18,144.75,145.00,412.768,1645781459999,59826.08142,183,265.709,38515.32683,0
1645781460000,145.00,145.12,144.93,145.08,571.968,1645781519999,82930.32885,201,517.846,75083.29087,0
1645781520000,145.08,145.38,145.08,145.23,612.733,1645781579999,88987.00881,230,457.886,66494.83672,0
1645781580000,145.20,145.57,145.16,145.16,723.670,1645781639999,105172.14733,273,527.403,76649.61337,0
1645781640000,145.19,145.70,145.16,145.32,970.862,1645781699999,141246.34004,273,850.126,123696.04523,0
1645781700000,145.32,145.48,145.24,145.44,222.470,1645781759999,32330.64920,159,193.238,28082.24637,0
1645781760000,145.45,145.61,145.40,145.48,289.317,1645781819999,42090.67895,118,241.109,35077.05716,0
1645781820000,145.47,145.53,145.38,145.52,400.718,1645781879999,58284.18621,151,305.493,44435.60149,0
1645781880000,145.52,145.65,145.36,145.38,550.443,1645781939999,80110.86898,199,246.104,35815.45175,0
1645781940000,145.36,145.51,145.34,145.44,463.326,1645781999999,67387.20495,186,178.937,26019.21098,0
1645782000000,145.44,145.83,145.36,145.48,499.494,1645782059999,72688.78212,217,373.057,54279.25019,0
1645782060000,145.49,145.53,145.17,145.23,143.650,1645782119999,20879.76588,116,61.103,8886.84722,0
1645782120000,145.28,145.45,145.23,145.23,223.577,1645782179999,32491.90878,125,177.029,25725.96130,0
1645782180000,145.20,145.53,145.20,145.49,244.462,1645782239999,35529.45773,123,159.692,23203.50410,0
1645782240000,145.47,145.57,145.39,145.57,197.850,1645782299999,28790.88033,101,153.008,22265.83548,0
1645782300000,145.56,145.62,145.43,145.56,113.839,1645782359999,16567.39668,70,90.678,13197.75228,0
1645782360000,145.56,146.04,145.56,145.93,237.787,1645782419999,34681.54703,121,181.550,26473.60499,0
1645782420000,145.95,146.44,145.95,146.11,615.081,1645782479999,89939.97638,198,512.470,74937.65673,0
1645782480000,146.13,146.35,146.12,146.20,91.644,1645782539999,13399.11851,70,53.038,7756.39225,0
1645782540000,146.23,146.33,146.13,146.32,55.092,1645782599999,8057.39949,45,46.649,6823.02721,0
1645782600000,146.28,146.34,146.04,146.19,57.536,1645782659999,8414.83916,51,31.656,4628.83061,0
1645782660000,146.19,146.45,146.17,146.38,58.815,1645782719999,8607.25435,58,40.493,5927.11008,0
1645782720000,146.37,146.38,146.26,146.36,47.860,1645782779999,7004.82300,48,16.713,2446.01841,0
1645782780000,146.35,146.43,146.28,146.39,64.125,1645782839999,9385.15897,47,25.139,3679.13346,0
1645782840000,146.37,146.39,146.15,146.17,81.561,1645782899999,11931.95616,66,35.443,5183.93392,0
1645782900000,146.12,146.36,146.05,146.24,185.002,1645782959999,27048.01299,116,113.976,16660.15248,0
1645782960000,146.27,146.85,146.25,146.71,360.315,1645783019999,52823.53797,252,146.568,21490.21411,0
1645783020000,146.71,146.97,146.61,146.84,186.567,1645783079999,27388.71275,189,62.467,9172.29335,0
1645783080000,146.86,147.32,146.79,147.11,974.480,1645783139999,143251.31075,148,914.817,134485.35049,0
1645783140000,147.11,147.35,146.94,147.04,152.098,1645783199999,22382.71542,105,41.423,6097.40832,0
1645783200000,147.09,147.29,147.01,147.08,349.055,1645783259999,51344.73813,148,80.294,11816.56211,0
1645783260000,147.11,147.12,146.76,146.80,153.786,1645783319999,22599.25628,122,46.330,6809.58674,0
1645783320000,146.82,146.97,146.53,146.97,508.497,1645783379999,74633.63358,257,435.848,63974.64370,0
1645783380000,146.96,147.02,146.78,146.96,276.644,1645783439999,40647.77741,205,169.647,24929.59314,0
1645783440000,146.92,147.17,146.92,146.97,70.842,1645783499999,10414.38737,85,23.440,3446.35256,0
1645783500000,146.97,147.23,146.90,146.97,94.233,1645783559999,13853.79270,97,36.263,5332.19943,0
1645783560000,146.97,147.11,146.91,146.91,96.149,1645783619999,14133.84147,86,34.482,5069.03219,0
1645783620000,146.89,147.01,146.81,146.85,327.082,1645783679999,48053.72660,161,182.887,26869.14892,0
1645783680000,146.85,147.03,146.80,146.85,71.860,1645783739999,10555.89093,69,23.448,3444.60578,0
1645783740000,146.86,147.01,146.86,146.96,41.622,1645783799999,6115.31145,51,14.223,2090.22562,0
1645783800000,147.01,147.01,146.78,146.91,135.910,1645783859999,19964.49412,123,45.215,6643.18987,0
1645783860000,146.92,147.01,146.86,146.89,128.422,1645783919999,18868.15476,116,47.535,6985.14754,0
1645783920000,146.90,147.07,146.84,146.89,79.033,1645783979999,11614.35613,79,11.887,1747.12470,0
1645783980000,146.96,147.17,146.89,147.14,81.312,1645784039999,11949.31916,72,22.592,3321.33248,0
1645784040000,147.13,147.13,146.94,147.05,52.113,1645784099999,7663.20917,59,16.299,2396.69655,0
1645784100000,146.99,147.00,146.79,146.92,87.535,1645784159999,12855.83230,52,23.964,3520.40935,0
1645784160000,146.90,147.07,146.81,146.93,100.075,1645784219999,14707.87448,69,59.784,8784.42384,0
1645784220000,146.93,147.00,146.82,146.82,61.145,1645784279999,8984.03613,45,30.865,4534.97918,0
1645784280000,146.89,146.89,146.77,146.85,193.825,1645784339999,28458.40460,74,156.284,22946.61243,0
1645784340000,146.85,147.09,146.72,147.09,284.400,1645784399999,41778.06088,157,210.555,30936.06464,0
1645784400000,147.07,147.28,147.05,147.16,144.934,1645784459999,21324.48728,60,100.477,14783.44216,0
1645784460000,147.16,147.16,147.01,147.02,152.093,1645784519999,22369.72484,103,42.146,6200.70396,0
1645784520000,147.07,147.10,146.66,146.81,452.308,1645784579999,66406.51418,169,65.796,9656.86182,0
1645784580000,146.81,147.02,146.81,146.98,47.121,1645784639999,6924.63932,29,9.982,1467.02435,0
1645784640000,146.99,147.14,146.95,147.01,133.009,1645784699999,19560.78330,83,36.828,5416.57448,0
1645784700000,147.02,147.04,146.80,146.96,85.054,1645784759999,12498.80542,61,13.382,1966.29422,0
1645784760000,146.95,147.03,146.89,146.92,105.399,1645784819999,15489.44369,42,13.339,1960.69429,0
1645784820000,146.92,146.95,146.77,146.95,229.546,1645784879999,33709.62568,57,24.186,3552.47470,0
1645784880000,146.93,146.93,146.80,146.93,92.316,1645784939999,13559.10336,52,12.709,1866.53793,0
1645784940000,146.93,147.03,146.89,146.89,66.237,1645784999999,9733.19628,49,8.056,1184.13731,0
1645785000000,146.91,146.95,146.84,146.87,138.703,1645785059999,20377.66036,76,6.371,936.07929,0
1645785060000,146.87,147.00,146.82,146.99,195.360,1645785119999,28695.96237,109,66.798,9813.28621,0
1645785120000,146.97,146.98,146.73,146.83,210.822,1645785179999,30963.13833,155,67.782,9956.65604,0
1645785180000,146.84,146.85,146.68,146.77,139.743,1645785239999,20511.66554,117,38.823,5699.95357,0
1645785240000,146.77,146.79,146.68,146.75,86.345,1645785299999,12671.70709,89,15.720,2306.89846,0
1645785300000,146.79,146.91,146.52,146.74,201.954,1645785359999,29633.26289,146,131.172,19247.88616,0
1645785360000,146.73,146.81,146.70,146.76,105.955,1645785419999,15549.04073,104,38.139,5597.08886,0
1645785420000,146.77,146.81,146.68,146.69,69.725,1645785479999,10231.78573,72,23.826,3496.79905,0
1645785480000,146.71,146.83,146.69,146.71,78.086,1645785539999,11459.06936,83,21.419,3143.52307,0
1645785540000,146.72,146.81,146.64,146.74,123.951,1645785599999,18185.70518,91,62.423,9158.50174,0
1645785600000,146.71,146.76,146.58,146.58,69.348,1645785659999,10172.63849,73,27.469,4029.55530,0
1645785660000,146.62,146.81,146.51,146.81,285.979,1645785719999,41953.79981,201,213.430,31313.13663,0
1645785720000,146.81,146.82,146.67,146.73,159.126,1645785779999,23352.35313,102,52.323,7678.06094,0
1645785780000,146.79,146.79,146.59,146.59,109.712,1645785839999,16096.91182,62,18.398,2699.32886,0
1645785840000,146.61,146.69,146.32,146.44,348.699,1645785899999,51047.35239,132,22.525,3299.96494,0
1645785900000,146.41,146.46,146.05,146.43,343.870,1645785959999,50277.76604,184,91.089,13327.69881,0
1645785960000,146.43,146.45,146.31,146.43,63.798,1645786019999,9339.05575,77,27.466,4021.41979,0
1645786020000,146.43,146.44,145.98,146.11,374.317,1645786079999,54711.71071,177,49.743,7270.96816,0
1645786080000,146.07,146.51,145.89,146.25,1160.083,1645786139999,169674.19214,323,1004.441,146928.54893,0
1645786140000,146.25,146.61,146.25,146.57,133.515,1645786199999,19553.19535,75,95.696,14015.95289,0
1645786200000,146.61,146.61,146.43,146.54,51.233,1645786259999,7506.93754,40,18.472,2707.12634,0
1645786260000,146.52,146.55,146.42,146.42,129.448,1645786319999,18962.23304,59,16.085,2357.08044,0
1645786320000,146.47,146.54,146.41,146.44,70.471,1645786379999,10321.02542,34,38.656,5661.78439,0
1645786380000,146.51,146.60,146.49,146.54,43.286,1645786439999,6343.80108,26,11.513,1686.86257,0
1645786440000,146.55,146.60,146.51,146.54,24.080,1645786499999,3529.77055,19,4.278,627.03197,0
1645786500000,146.51,146.51,146.17,146.17,86.692,1645786559999,12686.57653,51,15.534,2273.43077,0
1645786560000,146.17,146.34,146.17,146.34,30.044,1645786619999,4396.04283,21,3.407,498.27373,0
1645786620000,146.25,146.48,146.25,146.41,43.964,1645786679999,6437.38300,35,18.409,2695.32374,0
1645786680000,146.40,146.48,146.38,146.39,57.549,1645786739999,8427.69613,42,17.834,2611.75551,0
1645786740000,146.39,146.57,146.35,146.51,47.203,1645786799999,6910.89238,34,16.982,2486.43598,0
1645786800000,146.54,146.62,146.42,146.53,193.811,1645786859999,28407.48425,43,13.219,1936.78488,0
1645786860000,146.50,146.50,146.35,146.46,108.719,1645786919999,15919.95418,81,12.543,1837.08854,0
1645786920000,146.50,146.59,146.26,146.27,167.889,1645786979999,24590.45503,108,61.941,9074.98093,0
1645786980000,146.28,146.37,146.12,146.13,111.510,1645787039999,16307.07227,111,43.246,6326.07547,0
1645787040000,146.21,146.27,146.10,146.13,168.761,1645787099999,24669.14158,165,45.131,6597.65084,0
1645787100000,146.13,146.14,145.74,145.76,246.193,1645787159999,35935.89783,197,50.328,7345.34313,0
1645787160000,145.75,145.82,145.61,145.79,335.121,1645787219999,48845.81505,183,125.630,18311.70227,0
1645787220000,145.79,145.98,145.71,145.94,109.326,1645787279999,15942.78903,109,53.003,7730.43147,0
1645787280000,145.93,145.98,145.82,145.84,99.206,1645787339999,14473.97352,116,42.073,6139.49298,0
1645787340000,145.87,145.89,145.67,145.67,91.811,1645787399999,13384.45389,100,23.860,3479.45228,0
1645787400000,145.66,145.93,145.63,145.88,109.403,1645787459999,15948.03970,88,50.300,7332.81605,0
1645787460000,145.90,146.00,145.71,145.83,126.400,1645787519999,18433.17477,112,34.795,5075.54127,0
1645787520000,145.85,146.12,145.81,145.99,89.049,1645787579999,12993.55655,97,41.901,6114.75390,0
1645787580000,145.99,146.12,145.95,146.04,76.481,1645787639999,11166.35998,82,24.371,3559.19996,0
1645787640000,146.05,146.18,146.03,146.07,105.977,1645787699999,15479.93331,80,34.024,4970.03812,0
1645787700000,146.05,146.08,145.93,146.01,65.695,1645787759999,9590.31432,79,15.466,2258.47853,0
1645787760000,146.09,146.30,146.09,146.09,116.855,1645787819999,17084.50950,89,78.787,11519.61640,0
1645787820000,146.10,146.10,145.81,145.85,102.148,1645787879999,14910.01286,108,23.150,3378.47319,0
1645787880000,145.85,145.95,145.80,145.91,93.557,1645787939999,13646.76179,111,21.568,3146.78642,0
1645787940000,145.91,145.99,145.84,145.84,95.514,1645787999999,13937.04359,107,47.570,6942.64690,0
1645788000000,145.93,146.04,145.90,145.95,19.057,1645788059999,2781.98445,29,16.572,2419.27393,0
1645788060000,146.03,146.10,145.98,146.01,57.306,1645788119999,8369.11116,56,21.405,3126.62741,0
1645788120000,146.05,146.23,146.05,146.12,40.632,1645788179999,5938.14499,40,26.008,3800.75825,0
1645788180000,146.12,146.21,146.09,146.10,7.708,1645788239999,1126.63756,18,6.433,940.33654,0
1645788240000,146.08,146.69,146.08,146.54,170.062,1645788299999,24902.86839,78,159.513,23357.07175,0
1645788300000,146.54,147.04,146.46,146.78,330.312,1645788359999,48517.21838,127,283.334,41623.41671,0
1645788360000,146.71,146.77,146.64,146.68,29.754,1645788419999,4365.31410,34,18.180,2667.15914,0
1645788420000,146.69,146.70,146.45,146.48,31.235,1645788479999,4579.24188,41,9.529,1396.93743,0
1645788480000,146.48,146.71,146.48,146.71,39.889,1645788539999,5847.96713,32,21.938,3215.67245,0
1645788540000,146.71,146.76,146.70,146.76,37.831,1645788599999,5551.67122,17,10.384,1523.61380,0
1645788600000,146.81,146.81,146.60,146.72,90.604,1645788659999,13292.70280,44,13.583,1993.22491,0
1645788660000,146.69,146.78,146.59,146.78,60.058,1645788719999,8810.62118,46,36.560,5364.03494,0
1645788720000,146.76,147.21,146.76,147.18,334.985,1645788779999,49239.02498,140,294.085,43231.07351,0
1645788780000,147.21,147.27,147.04,147.20,82.927,1645788839999,12204.24569,69,38.188,5621.30378,0
1645788840000,147.23,147.50,147.22,147.50,94.309,1645788899999,13900.97906,103,57.125,8421.07845,0
1645788900000,147.48,147.50,147.34,147.43,89.179,1645788959999,13148.80877,66,53.311,7861.71680,0
1645788960000,147.41,147.41,147.22,147.30,175.827,1645789019999,25901.22394,154,20.648,3042.31600,0
1645789020000,147.38,147.39,147.24,147.24,140.940,1645789079999,20760.14123,138,38.017,5601.24888,0
1645789080000,147.29,147.50,147.28,147.45,78.781,1645789139999,11613.21435,66,68.814,10144.10340,0
1645789140000,147.41,148.11,147.41,148.02,183.887,1645789199999,27198.08680,144,156.046,23078.34750,0
1645789200000,148.02,148.08,147.41,147.55,374.232,1645789259999,55260.32346,166,141.058,20821.17641,0
1645789260000,147.56,147.62,147.26,147.26,68.530,1645789319999,10108.01547,67,21.629,3190.37555,0
1645789320000,147.27,147.40,147.03,147.35,158.662,1645789379999,23355.47844,151,76.422,11249.53820,0
1645789380000,147.30,147.45,147.16,147.23,132.308,1645789439999,19490.36655,102,41.810,6159.09265,0
1645789440000,147.31,147.44,147.31,147.39,58.768,1645789499999,8660.87877,67,21.641,3189.89201,0
1645789500000,147.34,147.54,147.33,147.51,151.655,1645789559999,22361.20559,119,70.677,10422.73508,0
1645789560000,147.54,147.64,147.48,147.58,128.937,1645789619999,19027.89322,90,80.919,11943.51544,0
1645789620000,147.59,147.78,147.39,147.39,143.203,1645789679999,21136.39338,108,66.089,9754.80041,0
1645789680000,147.46,147.58,147.28,147.52,55.752,1645789739999,8220.67580,67,22.340,3294.51259,0
1645789740000,147.56,147.63,147.47,147.63,40.598,1645789799999,5990.28712,54,20.058,2960.02124,0
1645789800000,147.66,147.78,147.65,147.72,79.168,1645789859999,11693.16842,69,29.797,4401.54150,0
1645789860000,147.72,147.72,147.59,147.63,75.411,1645789919999,11134.72548,71,18.023,2661.40472,0
1645789920000,147.60,147.67,147.52,147.57,125.792,1645789979999,18565.58747,84,27.790,4102.50663,0
1645789980000,147.58,147.62,147.57,147.60,50.680,1645790039999,7480.37055,27,20.100,2966.90190,0
1645790040000,147.57,147.69,147.57,147.63,148.597,1645790099999,21939.87758,56,34.903,5153.41424,0
1645790100000,147.64,147.86,147.46,147.82,190.138,1645790159999,28067.41191,108,107.829,15918.54392,0
1645790160000,147.80,147.99,147.75,147.91,58.549,1645790219999,8657.53727,62,42.312,6255.75576,0
1645790220000,147.95,148.12,147.95,148.11,153.374,1645790279999,22708.62057,63,128.555,19033.76992,0
1645790280000,148.10,148.21,148.02,148.20,87.238,1645790339999,12920.08276,40,69.433,10283.36124,0
1645790340000,148.20,148.32,148.08,148.09,116.124,1645790399999,17211.68047,80,44.547,6602.03994,0
1645790400000,148.14,148.57,148.12,148.51,241.382,1645790459999,35823.95442,162,201.291,29875.85215,0
1645790460000,148.52,148.74,148.41,148.73,123.898,1645790519999,18401.90562,119,58.206,8647.64558,0
1645790520000,148.71,148.94,148.60,148.91,193.564,1645790579999,28798.76580,125,156.003,23211.71608,0
1645790580000,148.90,149.57,148.87,149.36,257.066,1645790639999,38366.09873,257,188.165,28088.84814,0
1645790640000,149.30,149.55,149.23,149.35,179.990,1645790699999,26890.06156,141,64.278,9604.85173,0
1645790700000,149.35,149.50,149.15,149.22,380.829,1645790759999,56853.17603,190,254.366,37977.60123,0
1645790760000,149.21,149.24,149.02,149.17,122.374,1645790819999,18248.83420,110,7.504,1119.33424,0
1645790820000,149.18,149.39,149.09,149.29,114.970,1645790879999,17156.44727,128,37.095,5536.73700,0
1645790880000,149.30,149.61,149.24,149.48,156.251,1645790939999,23347.85731,153,21.845,3265.52478,0
1645790940000,149.47,150.00,149.47,149.57,648.431,1645790999999,97090.57874,326,364.512,54591.62694,0
1645791000000,149.59,149.71,149.52,149.52,69.679,1645791059999,10424.67114,63,16.319,2441.90866,0
1645791060000,149.59,149.62,149.30,149.41,64.554,1645791119999,9647.74840,70,7.038,1051.80930,0
1645791120000,149.44,149.50,149.26,149.30,92.864,1645791179999,13871.10188,81,25.456,3803.96723,0
1645791180000,149.32,149.45,149.24,149.24,78.322,1645791239999,11695.33947,76,16.844,2515.67846,0
1645791240000,149.26,149.60,149.26,149.53,100.558,1645791299999,15027.83263,87,69.716,10418.76459,0
1645791300000,149.45,149.92,149.43,149.51,272.995,1645791359999,40866.27353,147,178.465,26714.88281,0
1645791360000,149.48,149.50,149.23,149.32,104.589,1645791419999,15620.65483,101,28.257,4221.56962,0
1645791420000,149.33,149.38,149.17,149.19,77.731,1645791479999,11600.54500,81,14.459,2158.48034,0
1645791480000,149.18,149.20,148.90,149.00,103.280,1645791539999,15394.23799,97,37.046,5522.27250,0
1645791540000,148.97,149.00,148.76,148.86,68.842,1645791599999,10249.48124,76,12.664,1885.31264,0
1645791600000,148.86,148.97,148.84,148.97,51.209,1645791659999,7625.06001,61,13.479,2007.45468,0
1645791660000,148.97,149.00,148.76,148.81,125.222,1645791719999,18644.11525,87,21.309,3172.79944,0
1645791720000,148.78,148.90,148.41,148.50,104.876,1645791779999,15589.09542,146,36.723,5462.07597,0
1645791780000,148.52,148.65,148.51,148.65,51.809,1645791839999,7697.26442,64,17.402,2585.49463,0
1645791840000,148.65,148.71,148.51,148.67,52.991,1645791899999,7875.37724,60,30.982,4604.21745,0
1645791900000,148.59,148.62,148.40,148.45,33.205,1645791959999,4930.23250,49,16.058,2384.29879,0
1645791960000,148.39,148.64,148.39,148.53,94.064,1645792019999,13971.14259,81,37.444,5563.11147,0
1645792020000,148.53,148.59,148.41,148.57,87.510,1645792079999,12994.69636,73,24.656,3661.99516,0
1645792080000,148.59,148.62,148.46,148.48,151.188,1645792139999,22452.30922,55,116.405,17284.85102,0
1645792140000,148.50,148.56,148.47,148.50,19.785,1645792199999,2938.66597,27,10.292,1528.59023,0
1645792200000,148.47,148.54,148.30,148.42,82.280,1645792259999,12212.60392,61,35.125,5215.07342,0
1645792260000,148.40,148.82,148.39,148.78,128.076,1645792319999,19044.15857,92,40.084,5957.66894,0
1645792320000,148.78,148.83,148.69,148.78,54.004,1645792379999,8033.68505,51,15.624,2324.49257,0
1645792380000,148.78,148.80,148.76,148.78,23.098,1645792439999,3436.63433,25,9.169,1364.25761,0
1645792440000,148.78,149.00,148.70,148.93,21.200,1645792499999,3155.11897,46,7.345,1093.57591,0
1645792500000,148.93,148.93,148.72,148.77,45.878,1645792559999,6827.63530,41,21.936,3264.18707,0
1645792560000,148.77,148.81,148.51,148.54,40.442,1645792619999,6012.96585,44,6.087,905.05852,0
1645792620000,148.54,148.56,148.45,148.50,58.497,1645792679999,8686.46006,63,12.947,1922.77581,0
1645792680000,148.47,148.61,148.44,148.55,121.936,1645792739999,18108.29806,75,70.266,10436.26823,0
1645792740000,148.54,148.71,148.51,148.63,61.520,1645792799999,9142.18093,63,19.079,2835.76509,0
1645792800000,148.63,148.73,148.42,148.50,172.520,1645792859999,25635.85778,182,51.169,7605.69177,0
1645792860000,148.52,148.54,148.38,148.51,116.585,1645792919999,17306.50047,111,22.975,3411.13284,0
1645792920000,148.52,148.79,148.49,148.62,130.001,1645792979999,19327.67858,108,63.885,9497.27022,0
1645792980000,148.65,148.81,148.55,148.77,100.770,1645793039999,14984.10631,94,43.073,6406.20182,0
1645793040000,148.80,148.94,148.75,148.86,59.914,1645793099999,8916.54386,81,21.783,3242.40807,0
1645793100000,148.85,148.86,148.54,148.63,106.223,1645793159999,15792.91280,113,19.597,2912.87421,0
1645793160000,148.65,148.73,148.53,148.68,102.025,1645793219999,15163.80592,133,31.790,4725.72982,0
1645793220000,148.67,148.68,148.46,148.50,53.893,1645793279999,8006.07494,64,20.414,3032.90133,0
1645793280000,148.50,148.63,148.43,148.49,50.483,1645793339999,7497.18871,58,19.507,2897.50803,0
1645793340000,148.48,148.55,148.46,148.53,55.044,1645793399999,8174.36861,38,11.607,1723.70981,0
1645793400000,148.54,149.83,148.54,149.81,387.876,1645793459999,57883.84882,239,229.389,34237.95451,0
1645793460000,149.81,150.26,149.63,149.70,444.825,1645793519999,66715.39826,365,220.107,33026.21581,0
1645793520000,149.69,150.08,149.49,149.86,318.268,1645793579999,47659.20433,170,198.271,29703.96148,0
1645793580000,149.88,150.48,149.71,150.23,263.654,1645793639999,39582.08795,167,96.877,14549.97482,0
1645793640000,150.31,150.44,149.96,150.31,128.438,1645793699999,19295.91334,105,58.306,8764.08032,0
1645793700000,150.32,150.47,150.26,150.41,64.711,1645793759999,9732.05429,58,35.580,5351.36746,0
1645793760000,150.41,150.49,150.26,150.40,105.549,1645793819999,15874.42467,90,38.867,5845.84735,0
1645793820000,150.46,150.76,150.44,150.45,123.936,1645793879999,18663.47983,125,50.037,7535.79731,0
1645793880000,150.41,150.46,150.07,150.36,397.407,1645793939999,59732.24601,163,106.007,15933.13864,0
1645793940000,150.37,150.58,150.30,150.55,106.805,1645793999999,16069.67712,97,31.730,4773.97924,0
1645794000000,150.66,150.94,150.48,150.54,262.052,1645794059999,39513.26792,153,129.068,19471.22870,0
1645794060000,150.52,150.66,150.34,150.65,127.490,1645794119999,19183.31940,117,62.368,9384.78733,0
1645794120000,150.63,150.70,150.41,150.44,121.841,1645794179999,18338.82819,125,44.515,6701.62962,0
1645794180000,150.41,150.41,150.21,150.26,137.826,1645794239999,20717.24589,74,18.486,2779.55672,0
1645794240000,150.27,150.40,150.13,150.29,130.789,1645794299999,19656.04956,106,79.189,11902.67668,0
1645794300000,150.31,150.91,150.30,150.61,1091.061,1645794359999,164188.48240,162,897.087,134966.67578,0
1645794360000,150.60,150.92,150.55,150.84,116.200,1645794419999,17516.31644,103,57.355,8650.33623,0
1645794420000,150.85,151.03,150.75,150.86,436.530,1645794479999,65881.93965,146,338.727,51123.16002,0
1645794480000,150.82,150.93,150.78,150.89,132.877,1645794539999,20040.95822,84,86.000,12970.58947,0
1645794540000,150.89,150.94,150.80,150.89,161.374,1645794599999,24347.75288,79,105.166,15868.71078,0
1645794600000,150.92,150.94,150.48,150.72,335.211,1645794659999,50505.60850,111,45.296,6828.77517,0
1645794660000,150.78,150.84,150.66,150.80,101.805,1645794719999,15345.93725,73,53.000,7990.95582,0
1645794720000,150.83,150.92,150.75,150.78,88.129,1645794779999,13293.88523,88,18.668,2816.03915,0
1645794780000,150.78,150.92,150.78,150.79,110.713,1645794839999,16697.92644,65,52.959,7988.51162,0
1645794840000,150.80,150.95,150.80,150.95,344.883,1645794899999,52041.72426,115,261.428,39453.06106,0
1645794900000,150.88,150.93,150.60,150.62,246.243,1645794959999,37119.12251,136,83.174,12538.41594,0
1645794960000,150.63,150.73,150.56,150.66,96.151,1645795019999,14484.56866,70,41.272,6218.46381,0
1645795020000,150.66,150.80,150.62,150.75,57.081,1645795079999,8601.58382,65,38.999,5876.73302,0
1645795080000,150.77,151.06,150.70,150.74,326.751,1645795139999,49287.66071,169,259.268,39111.49202,0
1645795140000,150.73,150.78,150.53,150.76,51.791,1645795199999,7801.41251,52,12.582,1895.17779,0
1645795200000,150.77,151.00,150.70,150.93,33.009,1645795259999,4980.90556,54,20.087,3030.54920,0
1645795260000,150.92,151.22,150.91,151.10,66.907,1645795319999,10108.76895,88,36.529,5519.70844,0
1645795320000,151.11,151.30,151.11,151.29,26.785,1645795379999,4050.29889,52,15.550,2351.38241,0
1645795380000,151.28,151.28,151.11,151.26,105.819,1645795439999,16003.41707,76,35.503,5368.98848,0
1645795440000,151.28,151.42,151.13,151.24,46.634,1645795499999,7051.89366,73,24.377,3686.28437,0
1645795500000,151.22,151.23,151.03,151.06,90.386,1645795559999,13662.59477,56,24.665,3728.69303,0
1645795560000,151.05,151.08,150.90,150.97,143.218,1645795619999,21618.81509,56,117.153,17683.91141,0
1645795620000,150.95,151.01,150.79,150.88,73.650,1645795679999,11112.99204,71,8.906,1344.22037,0
1645795680000,150.90,150.95,150.81,150.81,33.395,1645795739999,5038.92160,36,18.442,2782.66348,0
1645795740000,150.82,150.99,150.73,150.98,81.910,1645795799999,12355.68053,71,57.833,8723.80874,0
1645795800000,150.98,151.04,150.79,150.89,100.453,1645795859999,15163.31115,68,30.951,4670.27319,0
1645795860000,150.87,151.22,150.83,151.16,126.167,1645795919999,19062.53100,80,55.692,8414.96801,0
1645795920000,151.16,151.28,151.11,151.26,62.021,1645795979999,9377.06296,60,41.040,6204.89248,0
1645795980000,151.25,152.16,151.14,151.68,535.433,1645796039999,81182.83766,353,383.110,58084.29201,0
1645796040000,151.74,152.11,151.69,152.06,265.349,1645796099999,40325.91116,176,125.308,19044.06788,0
1645796100000,152.13,152.30,151.94,152.26,169.466,1645796159999,25789.30438,139,111.341,16945.63989,0
1645796160000,152.26,152.41,152.07,152.09,272.956,1645796219999,41563.78107,193,87.353,13303.91634,0
1645796220000,152.09,152.17,151.85,151.88,144.387,1645796279999,21954.67350,131,67.669,10291.08543,0
1645796280000,151.88,152.18,151.83,152.14,102.653,1645796339999,15604.43796,134,51.549,7835.76718,0
1645796340000,152.12,152.29,152.06,152.20,45.177,1645796399999,6873.73727,58,30.268,4605.54873,0
1645796400000,152.22,152.43,152.19,152.38,72.467,1645796459999,11036.74671,60,47.818,7281.78163,0
1645796460000,152.37,152.43,152.25,152.39,78.902,1645796519999,12019.68183,71,46.197,7037.72083,0
1645796520000,152.37,152.42,152.19,152.27,126.251,1645796579999,19230.12964,84,56.228,8564.83400,0
1645796580000,152.29,152.34,152.01,152.06,110.584,1645796639999,16830.40070,77,35.779,5443.18484,0
1645796640000,152.12,152.14,151.92,151.98,55.346,1645796699999,8412.77908,51,17.672,2685.89087,0
1645796700000,151.96,152.09,151.80,151.81,88.898,1645796759999,13509.96788,89,33.766,5130.83888,0
1645796760000,151.81,151.86,151.49,151.61,138.043,1645796819999,20933.49185,203,34.619,5250.88758,0
1645796820000,151.68,151.72,151.60,151.64,17.585,1645796879999,2667.23097,32,11.815,1792.09770,0
1645796880000,151.72,151.82,151.57,151.78,120.567,1645796939999,18290.73232,95,51.999,7889.46080,0
1645796940000,151.79,151.81,151.65,151.76,113.773,1645796999999,17263.08251,88,49.001,7435.07448,0
1645797000000,151.73,151.85,151.68,151.80,55.240,1645797059999,8382.96657,61,19.456,2952.94310,0
1645797060000,151.79,151.82,151.73,151.75,50.723,1645797119999,7698.43581,37,35.873,5444.28989,0
1645797120000,151.72,152.22,151.67,151.98,633.656,1645797179999,96306.25007,235,530.752,80662.67713,0
1645797180000,151.98,151.98,151.58,151.62,111.907,1645797239999,16984.19256,92,23.372,3549.26116,0
1645797240000,151.61,151.61,151.28,151.34,218.041,1645797299999,33008.69163,152,112.963,17100.69306,0
1645797300000,151.36,151.50,151.26,151.45,46.624,1645797359999,7058.74786,65,16.435,2488.56004,0
1645797360000,151.44,151.62,151.25,151.56,321.631,1645797419999,48689.97098,106,41.943,6355.66073,0
1645797420000,151.56,151.69,151.56,151.59,52.629,1645797479999,7980.93796,53,29.366,4453.48028,0
1645797480000,151.60,151.65,151.44,151.49,51.939,1645797539999,7871.69532,74,5.939,900.09062,0
1645797540000,151.48,151.79,151.45,151.72,52.613,1645797599999,7974.41915,88,29.510,4473.58739,0
1645797600000,151.74,151.82,150.79,151.02,578.120,1645797659999,87438.35569,243,131.103,19838.48024,0
1645797660000,150.98,151.12,150.82,151.09,250.016,1645797719999,37745.64783,242,136.981,20680.37418,0
1645797720000,151.07,151.25,150.90,151.19,192.993,1645797779999,29151.48627,164,61.462,9284.94238,0
1645797780000,151.23,151.41,151.21,151.30,144.884,1645797839999,21925.47435,81,28.414,4300.10260,0
1645797840000,151.29,151.54,151.29,151.40,121.318,1645797899999,18367.50570,81,26.514,4014.20233,0
1645797900000,151.42,151.56,151.38,151.49,71.221,1645797959999,10786.14068,80,20.589,3118.93499,0
1645797960000,151.50,151.57,151.47,151.49,39.109,1645798019999,5926.28294,49,18.654,2826.47123,0
1645798020000,151.49,151.49,151.09,151.19,34.394,1645798079999,5203.16275,48,16.742,2531.75962,0
1645798080000,151.21,151.34,151.19,151.33,59.800,1645798139999,9043.20564,42,19.049,2881.31057,0
1645798140000,151.33,151.36,151.23,151.33,49.105,1645798199999,7428.92518,60,19.395,2934.37942,0
1645798200000,151.32,151.43,151.04,151.29,322.013,1645798259999,48680.06629,122,19.388,2934.27346,0
1645798260000,151.28,151.47,151.25,151.46,63.886,1645798319999,9670.28293,61,43.495,6584.92646,0
1645798320000,151.45,151.50,151.21,151.21,39.177,1645798379999,5932.39730,58,15.539,2353.19725,0
1645798380000,151.24,151.34,151.20,151.22,42.618,1645798439999,6446.72560,73,33.006,4992.77742,0
1645798440000,151.25,151.45,151.25,151.34,28.113,1645798499999,4254.08075,47,14.837,2245.26549,0
1645798500000,151.31,151.45,151.24,151.24,52.645,1645798559999,7968.09509,60,28.023,4240.98622,0
1645798560000,151.24,151.28,150.81,150.81,200.574,1645798619999,30286.71761,140,40.890,6176.78937,0
1645798620000,150.80,151.23,150.68,151.19,328.907,1645798679999,49651.51370,216,242.369,36599.20311,0
1645798680000,151.20,151.38,151.06,151.37,186.769,1645798739999,28235.88973,160,138.730,20972.06200,0
1645798740000,151.37,151.47,151.04,151.08,74.911,1645798799999,11330.26949,86,22.022,3331.69824,0
1645798800000,151.06,151.25,150.96,151.20,136.367,1645798859999,20606.15063,119,105.143,15889.34128,0
1645798860000,151.19,151.33,151.16,151.32,89.016,1645798919999,13463.92276,73,33.744,5103.86939,0
1645798920000,151.25,151.44,150.81,151.36,775.465,1645798979999,117107.15397,321,215.159,32494.55098,0
1645798980000,151.36,151.47,151.23,151.32,65.296,1645799039999,9880.83572,57,22.466,3400.29084,0
1645799040000,151.29,151.48,151.25,151.40,36.860,1645799099999,5579.56111,52,20.083,3040.11588,0
1645799100000,151.42,151.43,151.28,151.36,36.039,1645799159999,5455.21158,68,26.902,4072.45207,0
1645799160000,151.40,151.50,151.36,151.43,39.893,1645799219999,6041.05602,56,24.923,3773.71031,0
1645799220000,151.46,151.64,151.26,151.35,114.969,1645799279999,17408.15258,76,35.351,5356.31241,0
1645799280000,151.38,151.56,151.35,151.56,55.510,1645799339999,8409.84720,46,32.780,4967.07217,0
1645799340000,151.58,151.80,151.58,151.76,139.800,1645799399999,21202.29705,77,104.844,15899.85354,0
1645799400000,151.77,151.77,151.23,151.32,216.430,1645799459999,32784.28430,111,83.528,12654.56628,0
1645799460000,151.31,151.32,150.82,151.17,239.483,1645799519999,36173.10999,122,152.856,23086.86775,0
1645799520000,151.16,151.56,151.10,151.53,280.821,1645799579999,42530.80854,175,127.906,19374.83643,0
1645799580000,151.55,152.09,151.55,151.98,444.095,1645799639999,67467.67900,257,146.589,22270.40460,0
1645799640000,151.95,152.54,151.90,151.98,578.300,1645799699999,88091.90784,338,211.576,32226.76922,0
1645799700000,151.98,152.47,151.84,152.08,282.398,1645799759999,42980.11993,206,62.274,9482.10951,0
1645799760000,152.09,152.09,151.60,151.60,207.639,1645799819999,31524.41671,164,56.845,8628.39752,0
1645799820000,151.61,151.83,151.19,151.20,361.106,1645799879999,54735.92315,203,37.218,5644.12756,0
1645799880000,151.20,151.20,150.89,151.11,272.413,1645799939999,41152.73971,203,67.387,10180.12732,0
1645799940000,151.18,151.26,150.86,151.02,218.837,1645799999999,33070.68146,144,29.768,4498.30841,0
1645800000000,150.99,151.11,150.90,150.99,137.243,1645800059999,20723.17527,104,10.861,1640.18749,0
1645800060000,151.03,151.24,151.03,151.21,80.710,1645800119999,12201.92272,75,20.390,3082.25361,0
1645800120000,151.18,151.20,150.89,150.94,126.256,1645800179999,19071.93768,106,9.965,1504.85215,0
1645800180000,150.89,150.90,150.33,150.55,400.518,1645800239999,60315.23221,205,52.071,7840.80743,0
1645800240000,150.55,150.55,150.14,150.34,187.722,1645800299999,28225.61732,147,105.399,15848.61627,0
1645800300000,150.44,150.65,150.39,150.39,137.557,1645800359999,20705.57238,110,79.369,11947.84669,0
1645800360000,150.40,150.82,150.40,150.66,163.545,1645800419999,24630.18951,130,76.386,11503.23841,0
1645800420000,150.73,151.03,150.72,150.91,214.922,1645800479999,32426.65543,139,109.873,16577.31430,0
1645800480000,150.90,150.91,150.71,150.78,79.563,1645800539999,12002.05135,69,21.066,3178.67150,0
1645800540000,150.83,151.04,150.78,151.00,89.009,1645800599999,13433.06711,82,32.251,4866.32593,0
1645800600000,150.98,151.16,150.87,150.89,182.971,1645800659999,27630.93944,102,112.834,17040.08821,0
1645800660000,150.90,151.00,150.83,150.89,49.944,1645800719999,7536.50900,62,21.092,3182.50153,0
1645800720000,150.90,150.90,150.63,150.70,34.913,1645800779999,5263.71599,52,3.240,488.50295,0
1645800780000,150.70,150.74,150.52,150.65,88.195,1645800839999,13284.43559,86,30.433,4585.05568,0
1645800840000,150.66,151.10,150.66,151.02,188.589,1645800899999,28461.80780,142,133.839,20195.53948,0
1645800900000,151.00,151.26,151.00,151.17,63.368,1645800959999,9577.96023,65,27.936,4222.10970,0
1645800960000,151.16,151.21,150.75,150.75,91.172,1645801019999,13764.56443,90,13.730,2073.64571,0
1645801020000,150.69,150.76,150.59,150.70,71.865,1645801079999,10831.66542,54,40.888,6163.06247,0
1645801080000,150.69,150.78,150.56,150.58,62.612,1645801139999,9434.85958,75,38.524,5804.93243,0
1645801140000,150.58,150.59,149.96,150.09,274.507,1645801199999,41268.89403,182,41.319,6208.79755,0
1645801200000,150.10,150.30,149.52,149.53,430.883,1645801259999,64577.58992,306,184.227,27621.88902,0
1645801260000,149.53,149.73,148.88,149.09,721.235,1645801319999,107614.05110,336,196.467,29364.50773,0
1645801320000,149.10,149.23,148.30,148.96,950.915,1645801379999,141500.12454,456,394.173,58726.25212,0
1645801380000,148.95,149.26,148.79,148.83,226.852,1645801439999,33809.54147,144,105.328,15706.25595,0
1645801440000,148.93,149.12,148.79,148.79,185.704,1645801499999,27667.78723,91,28.433,4236.16986,0
1645801500000,148.78,149.33,148.62,148.72,1138.251,1645801559999,169542.27047,314,915.737,136434.04548,0
1645801560000,148.71,149.14,148.67,148.86,218.024,1645801619999,32461.85187,181,80.123,11930.57296,0
1645801620000,148.90,149.18,148.85,149.00,107.142,1645801679999,15962.43178,75,43.378,6459.88623,0
1645801680000,149.02,149.50,149.00,149.39,307.776,1645801739999,45950.58873,152,120.296,17955.97851,0
1645801740000,149.38,149.46,149.23,149.30,148.990,1645801799999,22257.36047,99,37.653,5624.79868,0
1645801800000,149.29,149.83,149.25,149.69,156.688,1645801859999,23438.29498,101,100.570,15047.17511,0
1645801860000,149.70,149.84,149.60,149.67,71.199,1645801919999,10660.02288,53,41.596,6227.67500,0
1645801920000,149.68,149.78,149.55,149.55,167.130,1645801979999,25007.66813,73,30.054,4497.98493,0
1645801980000,149.53,149.76,149.32,149.48,105.040,1645802039999,15711.62363,79,39.409,5896.05272,0
1645802040000,149.54,149.54,149.18,149.37,105.496,1645802099999,15758.10022,95,46.945,7014.04376,0
1645802100000,149.36,149.57,149.18,149.45,74.462,1645802159999,11121.24204,84,17.298,2583.95765,0
1645802160000,149.52,149.74,149.43,149.49,155.213,1645802219999,23212.67800,108,69.323,10369.57339,0
1645802220000,149.52,149.71,149.49,149.63,82.750,1645802279999,12377.11580,64,19.790,2960.39688,0
1645802280000,149.66,150.15,149.64,150.13,198.716,1645802339999,29797.46843,147,129.509,19420.52904,0
1645802340000,150.15,150.47,150.00,150.39,328.079,1645802399999,49292.78207,184,193.676,29104.16634,0
1645802400000,150.40,150.60,150.08,150.34,267.066,1645802459999,40165.45580,152,188.874,28417.65742,0
1645802460000,150.27,150.56,150.27,150.39,210.104,1645802519999,31615.74518,137,169.631,25527.24375,0
1645802520000,150.39,150.50,150.27,150.35,135.946,1645802579999,20442.00082,96,90.717,13640.45599,0
1645802580000,150.38,150.72,150.32,150.61,136.972,1645802639999,20611.90719,101,72.552,10919.33101,0
1645802640000,150.64,150.67,150.47,150.53,70.641,1645802699999,10636.79744,64,38.538,5802.86664,0
1645802700000,150.47,150.75,150.42,150.71,98.313,1645802759999,14804.86098,76,48.449,7295.71303,0
1645802760000,150.73,150.85,150.60,150.75,287.807,1645802819999,43387.25832,134,177.244,26723.70141,0
1645802820000,150.71,150.83,150.53,150.62,166.743,1645802879999,25129.44585,70,120.452,18159.80912,0
1645802880000,150.62,150.67,150.58,150.59,84.931,1645802939999,12792.19973,45,34.998,5270.98434,0
1645802940000,150.59,150.87,150.59,150.76,133.009,1645802999999,20049.33654,91,51.680,7790.24981,0
1645803000000,150.75,151.00,150.71,150.96,138.497,1645803059999,20890.22455,78,77.443,11683.46487,0
1645803060000,151.00,151.08,150.87,150.88,160.989,1645803119999,24301.96945,98,61.315,9256.63413,0
1645803120000,150.89,150.89,150.65,150.65,44.596,1645803179999,6724.72753,54,15.535,2342.44795,0
1645803180000,150.68,150.81,150.63,150.70,62.643,1645803239999,9440.76050,63,18.713,2820.13782,0
1645803240000,150.66,150.83,150.65,150.73,81.066,1645803299999,12219.49441,54,55.038,8296.83678,0
1645803300000,150.73,150.73,150.57,150.61,66.577,1645803359999,10029.78792,64,20.216,3045.58277,0
1645803360000,150.61,150.61,150.32,150.43,153.287,1645803419999,23058.65400,110,62.219,9360.42075,0
1645803420000,150.40,150.45,150.23,150.34,73.755,1645803479999,11088.81365,74,23.417,3521.29506,0
1645803480000,150.31,150.32,150.11,150.27,76.587,1645803539999,11502.42221,66,24.787,3722.81410,0
1645803540000,150.28,150.30,150.09,150.16,59.658,1645803599999,8960.73772,67,23.927,3594.20850,0
1645803600000,150.16,150.56,150.16,150.39,210.053,1645803659999,31582.43341,104,123.607,18574.82896,0
1645803660000,150.40,150.80,150.37,150.77,284.099,1645803719999,42804.90822,124,97.882,14742.75140,0
1645803720000,150.76,150.88,150.73,150.74,82.384,1645803779999,12422.36738,54,46.427,7000.04750,0
1645803780000,150.77,150.88,150.74,150.86,89.313,1645803839999,13469.39053,65,30.904,4660.34244,0
1645803840000,150.87,151.09,150.87,151.06,40.590,1645803899999,6128.38516,50,24.552,3706.10676,0
1645803900000,151.06,151.12,150.94,151.11,93.318,1645803959999,14094.50022,62,46.169,6973.70326,0
1645803960000,151.12,151.30,151.12,151.27,80.983,1645804019999,12246.41569,83,61.613,9316.89845,0
1645804020000,151.27,151.42,151.19,151.42,50.486,1645804079999,7638.32058,57,39.878,6033.74910,0
1645804080000,151.41,151.59,151.33,151.51,85.940,1645804139999,13016.74844,92,68.171,10324.79271,0
1645804140000,151.48,151.70,151.48,151.69,83.708,1645804199999,12690.03656,92,54.170,8211.50709,0
1645804200000,151.69,151.70,151.51,151.69,89.934,1645804259999,13636.97625,102,42.855,6498.97229,0
1645804260000,151.70,151.70,151.49,151.49,115.589,1645804319999,17526.07198,88,46.237,7011.35527,0
1645804320000,151.54,151.74,151.54,151.70,90.714,1645804379999,13756.71148,72,29.295,4442.25537,0
1645804380000,151.69,151.81,151.66,151.80,134.567,1645804439999,20419.05210,93,97.620,14811.79436,0
1645804440000,151.77,151.90,151.70,151.73,70.487,1645804499999,10699.83089,75,22.599,3430.63604,0
1645804500000,151.74,152.24,151.71,151.92,134.297,1645804559999,20410.36605,148,80.399,12221.23195,0
1645804560000,151.92,152.05,151.75,151.97,112.410,1645804619999,17079.41080,124,95.672,14537.37477,0
1645804620000,151.97,152.33,151.92,152.17,258.986,1645804679999,39405.96272,140,209.033,31808.04501,0
1645804680000,152.16,152.55,152.08,152.35,432.281,1645804739999,65855.37927,243,209.601,31932.42544,0
1645804740000,152.34,152.45,152.04,152.32,216.083,1645804799999,32911.68261,184,127.843,19472.99790,0
1645804800000,152.32,152.44,152.14,152.41,141.764,1645804859999,21587.98290,135,93.986,14314.05034,0
1645804860000,152.42,152.68,152.33,152.59,459.418,1645804919999,70066.59788,223,320.976,48968.78902,0
1645804920000,152.54,152.69,152.34,152.61,151.232,1645804979999,23062.83119,178,90.732,13837.98879,0
1645804980000,152.58,153.06,152.58,152.95,632.364,1645805039999,96717.53665,325,200.050,30586.26941,0
1645805040000,152.94,152.95,152.60,152.86,159.823,1645805099999,24423.74538,119,63.386,9688.85249,0
1645805100000,152.86,152.86,152.56,152.64,62.250,1645805159999,9505.17876,86,17.549,2679.50149,0
1645805160000,152.65,152.65,152.47,152.53,71.793,1645805219999,10950.73506,66,41.840,6381.78666,0
1645805220000,152.52,152.59,152.16,152.22,171.162,1645805279999,26078.49515,105,28.774,4385.86364,0
1645805280000,152.30,152.48,152.28,152.34,111.034,1645805339999,16917.56874,55,94.608,14414.41887,0
1645805340000,152.33,152.43,152.25,152.41,56.377,1645805399999,8588.11172,46,22.394,3411.60687,0
1645805400000,152.40,152.41,152.19,152.20,99.042,1645805459999,15083.85417,71,29.788,4537.18644,0
1645805460000,152.27,152.42,152.20,152.42,56.430,1645805519999,8594.23373,59,25.362,3862.80367,0
1645805520000,152.41,152.60,152.34,152.60,93.115,1645805579999,14198.05168,78,81.277,12393.53206,0
1645805580000,152.57,152.61,152.49,152.56,64.640,1645805639999,9859.59327,51,34.483,5260.20104,0
1645805640000,152.54,152.72,152.32,152.39,97.399,1645805699999,14857.02082,87,36.361,5545.97903,0
1645805700000,152.36,152.39,152.31,152.32,34.129,1645805759999,5199.94525,36,19.037,2900.40663,0
1645805760000,152.39,152.42,152.27,152.27,109.104,1645805819999,16620.54142,76,33.998,5180.02517,0
1645805820000,152.26,152.26,151.83,151.84,148.964,1645805879999,22638.04483,124,42.833,6509.95408,0
1645805880000,151.85,152.11,151.85,151.88,104.023,1645805939999,15805.45600,90,38.855,5904.36337,0
1645805940000,151.90,152.21,151.89,152.13,95.816,1645805999999,14567.28383,68,53.117,8077.00088,0
1645806000000,152.17,152.17,151.97,152.04,42.197,1645806059999,6415.44208,55,16.588,2522.18408,0
1645806060000,152.04,152.04,151.88,151.92,61.917,1645806119999,9407.05184,53,9.776,1485.45621,0
1645806120000,151.92,152.17,151.79,151.79,167.367,1645806179999,25431.40621,99,32.715,4971.69748,0
1645806180000,151.81,151.87,151.55,151.65,101.434,1645806239999,15384.63416,66,26.665,4046.71056,0
1645806240000,151.61,151.70,151.52,151.63,55.397,1645806299999,8398.35362,45,16.221,2458.44264,0
1645806300000,151.63,151.74,151.56,151.71,80.952,1645806359999,12276.22163,77,41.773,6334.58741,0
1645806360000,151.69,151.69,151.40,151.40,70.782,1645806419999,10729.16266,66,25.574,3874.88612,0
1645806420000,151.39,151.54,151.39,151.46,80.885,1645806479999,12249.58213,73,43.254,6549.31621,0
1645806480000,151.46,151.58,151.46,151.53,51.920,1645806539999,7867.98248,58,28.738,4354.64649,0
1645806540000,151.53,151.55,151.33,151.34,51.211,1645806599999,7755.11492,92,27.929,4229.90294,0
1645806600000,151.34,151.43,151.30,151.38,250.826,1645806659999,37961.75185,117,164.884,24953.11380,0
1645806660000,151.40,151.40,151.27,151.33,50.351,1645806719999,7620.82908,50,15.371,2326.20387,0
1645806720000,151.34,151.34,151.02,151.28,96.392,1645806779999,14569.28226,89,37.529,5671.21987,0
1645806780000,151.28,151.62,151.26,151.61,55.594,1645806839999,8416.39087,63,27.078,4099.94342,0
1645806840000,151.61,151.77,151.59,151.70,49.840,1645806899999,7560.47260,46,42.238,6406.96539,0
1645806900000,151.70,151.89,151.70,151.80,43.561,1645806959999,6613.14119,55,21.989,3337.85753,0
1645806960000,151.77,151.79,151.56,151.67,95.015,1645807019999,14409.35909,66,19.446,2949.94095,0
1645807020000,151.72,151.72,151.59,151.59,24.631,1645807079999,3735.19351,33,11.818,1792.22209,0
1645807080000,151.62,151.73,151.56,151.69,15.805,1645807139999,2396.62657,25,6.810,1032.61834,0
1645807140000,151.68,151.77,151.64,151.68,24.797,1645807199999,3761.87992,32,11.905,1806.05149,0
1645807200000,151.67,151.71,151.53,151.64,41.860,1645807259999,6347.69427,42,18.309,2776.31628,0
1645807260000,151.64,151.72,151.57,151.57,49.339,1645807319999,7482.08297,46,14.997,2274.24715,0
1645807320000,151.59,151.75,151.57,151.64,35.310,1645807379999,5354.17725,33,17.498,2652.35607,0
1645807380000,151.66,151.66,151.40,151.41,69.182,1645807439999,10484.88588,54,28.860,4373.66667,0
1645807440000,151.46,151.53,151.17,151.26,94.694,1645807499999,14332.29522,70,39.453,5970.89378,0
1645807500000,151.26,151.50,151.26,151.41,88.569,1645807559999,13406.96079,47,68.586,10380.99416,0
1645807560000,151.44,151.44,151.29,151.33,47.002,1645807619999,7115.63318,39,29.689,4494.90593,0
1645807620000,151.30,151.30,151.18,151.18,42.276,1645807679999,6394.36622,33,8.053,1218.06058,0
1645807680000,151.18,151.18,151.02,151.10,90.396,1645807739999,13659.19080,71,30.794,4652.86179,0
1645807740000,151.09,151.19,151.09,151.09,27.260,1645807799999,4119.44705,30,20.665,3122.57378,0
1645807800000,151.11,151.16,151.08,151.13,34.768,1645807859999,5253.90214,35,20.971,3169.26373,0
1645807860000,151.19,151.41,151.19,151.30,73.340,1645807919999,11094.17800,69,37.652,5694.80749,0
1645807920000,151.26,151.47,151.21,151.27,77.348,1645807979999,11707.21335,54,44.025,6663.62977,0
1645807980000,151.27,151.32,151.22,151.24,62.811,1645808039999,9501.48300,49,35.482,5367.98336,0
1645808040000,151.30,151.49,151.26,151.48,95.986,1645808099999,14527.31607,81,40.523,6134.01831,0
1645808100000,151.46,151.71,151.46,151.51,115.271,1645808159999,17472.99545,106,46.185,7000.33944,0
1645808160000,151.55,151.65,151.52,151.55,52.446,1645808219999,7949.36517,57,14.658,2221.59709,0
1645808220000,151.53,151.67,151.42,151.59,86.054,1645808279999,13041.45094,72,37.255,5645.58981,0
1645808280000,151.58,151.59,151.51,151.56,38.774,1645808339999,5875.63992,28,14.043,2128.16604,0
1645808340000,151.58,151.82,151.56,151.73,134.192,1645808399999,20360.45660,64,30.544,4632.43082,0
1645808400000,151.77,151.83,151.61,151.71,61.814,1645808459999,9380.90235,61,15.557,2360.57905,0
1645808460000,151.71,151.81,151.71,151.76,49.163,1645808519999,7462.27889,49,23.986,3640.66052,0
1645808520000,151.76,152.06,151.76,152.02,52.513,1645808579999,7977.82635,69,36.302,5514.55441,0
1645808580000,151.98,152.05,151.87,151.92,34.161,1645808639999,5190.69021,46,16.442,2498.44393,0
1645808640000,151.94,151.99,151.54,151.61,125.502,1645808699999,19054.68132,80,20.832,3164.81715,0
1645808700000,151.58,151.59,151.52,151.52,36.546,1645808759999,5538.68916,54,18.585,2816.46881,0
1645808760000,151.53,151.59,151.31,151.35,43.632,1645808819999,6609.48647,58,29.705,4500.01930,0
1645808820000,151.38,151.48,151.35,151.40,108.310,1645808879999,16398.21621,59,83.405,12627.49178,0
1645808880000,151.38,151.48,151.28,151.28,46.964,1645808939999,7107.41202,37,22.159,3352.87424,0
1645808940000,151.28,151.44,151.28,151.31,38.798,1645808999999,5873.10843,44,19.353,2929.47179,0
1645809000000,151.30,151.44,151.29,151.33,37.866,1645809059999,5731.79566,37,22.003,3330.43253,0
1645809060000,151.31,151.31,151.10,151.12,46.070,1645809119999,6966.17116,51,7.668,1159.42932,0
1645809120000,151.16,151.26,150.82,150.93,154.687,1645809179999,23350.67382,105,29.193,4408.41080,0
1645809180000,150.95,150.95,150.75,150.78,51.330,1645809239999,7742.67872,48,4.244,640.09732,0
1645809240000,150.79,150.80,150.28,150.57,596.600,1645809299999,89791.20763,207,42.405,6387.93322,0
1645809300000,150.55,150.81,149.93,150.23,666.977,1645809359999,100274.32524,261,232.114,34962.83397,0
1645809360000,150.26,150.49,150.25,150.38,140.048,1645809419999,21055.85130,98,81.717,12284.54824,0
1645809420000,150.41,150.85,150.38,150.76,95.991,1645809479999,14463.17119,69,66.081,9954.92458,0
1645809480000,150.76,150.99,150.73,150.83,53.408,1645809539999,8058.70151,61,11.610,1752.07384,0
1645809540000,150.84,151.07,150.83,150.88,84.325,1645809599999,12728.06359,71,27.738,4187.65133,0
1645809600000,150.87,150.87,150.70,150.74,106.152,1645809659999,16004.94191,53,7.296,1100.19654,0
1645809660000,150.73,150.93,150.66,150.74,67.946,1645809719999,10247.50983,70,12.834,1934.76548,0
1645809720000,150.80,150.80,150.67,150.78,25.649,1645809779999,3866.47350,30,8.726,1315.34265,0
1645809780000,150.78,150.78,150.69,150.75,24.864,1645809839999,3747.57210,32,2.947,444.19568,0
1645809840000,150.77,150.90,150.77,150.88,74.403,1645809899999,11223.80959,68,49.848,7519.42971,0
1645809900000,150.90,151.14,150.89,151.08,142.998,1645809959999,21598.81121,62,131.505,19863.91535,0
1645809960000,151.09,151.29,151.09,151.11,152.801,1645810019999,23105.06592,69,131.696,19914.21773,0
1645810020000,151.11,151.40,151.11,151.37,167.991,1645810079999,25430.36747,61,23.267,3520.77969,0
1645810080000,151.37,151.37,151.24,151.30,22.403,1645810139999,3390.20246,32,4.745,717.78370,0
1645810140000,151.30,151.54,151.30,151.51,40.389,1645810199999,6117.27352,59,26.169,3963.30256,0
1645810200000,151.53,151.66,151.44,151.62,119.586,1645810259999,18121.76130,79,72.486,10983.03307,0
1645810260000,151.67,151.72,151.52,151.53,94.626,1645810319999,14347.25734,76,54.965,8336.05758,0
1645810320000,151.54,151.63,151.50,151.63,24.071,1645810379999,3648.28050,35,16.400,2485.40655,0
1645810380000,151.63,151.78,151.63,151.65,75.285,1645810439999,11419.42378,49,12.599,1911.39697,0
1645810440000,151.65,151.67,151.46,151.55,21.419,1645810499999,3246.59864,37,9.592,1453.76611,0
1645810500000,151.50,151.50,151.40,151.40,34.542,1645810559999,5231.22613,45,6.369,964.70256,0
1645810560000,151.41,151.46,151.38,151.40,40.041,1645810619999,6063.03034,30,27.306,4134.76726,0
1645810620000,151.40,151.40,151.23,151.31,63.226,1645810679999,9567.31708,64,24.673,3732.19234,0
1645810680000,151.31,151.40,151.31,151.34,23.140,1645810739999,3501.98912,27,16.347,2473.62631,0
1645810740000,151.34,151.50,151.32,151.43,40.290,1645810799999,6098.49985,50,28.038,4243.69995,0
1645810800000,151.43,151.70,151.42,151.42,238.994,1645810859999,36227.12317,79,210.859,31963.45975,0
1645810860000,151.39,151.46,151.34,151.40,67.992,1645810919999,10293.12577,51,44.981,6809.40990,0
1645810920000,151.36,151.40,151.26,151.28,15.455,1645810979999,2338.58048,29,5.784,875.33059,0
1645810980000,151.30,151.30,151.23,151.30,35.122,1645811039999,5313.32734,33,26.937,4075.07951,0
1645811040000,151.33,151.52,151.32,151.37,103.352,1645811099999,15650.21518,58,58.341,8836.44208,0
1645811100000,151.38,151.42,151.30,151.42,56.425,1645811159999,8542.11873,49,29.686,4494.38807,0
1645811160000,151.43,151.48,151.28,151.28,57.600,1645811219999,8720.63047,63,7.222,1093.47041,0
1645811220000,151.24,151.28,151.05,151.13,230.629,1645811279999,34853.28881,79,84.934,12839.67020,0
1645811280000,151.13,151.25,151.13,151.20,24.944,1645811339999,3771.99200,33,7.015,1060.64712,0
1645811340000,151.19,151.20,151.02,151.02,95.820,1645811399999,14483.20866,95,42.256,6386.81949,0
1645811400000,151.00,151.03,150.74,150.92,345.384,1645811459999,52114.89073,141,126.037,19022.20840,0
1645811460000,150.92,151.01,150.80,150.80,61.365,1645811519999,9262.13116,48,28.501,4302.32777,0
1645811520000,150.81,151.00,150.81,150.98,59.037,1645811579999,8910.69538,62,20.031,3023.00170,0
1645811580000,150.97,151.06,150.91,150.92,39.194,1645811639999,5918.08874,37,2.576,388.96652,0
1645811640000,150.93,151.06,150.82,150.88,348.230,1645811699999,52554.59807,166,120.667,18215.61715,0
1645811700000,150.89,150.99,150.83,150.83,142.377,1645811759999,21488.09202,74,95.861,14467.82932,0
1645811760000,150.90,151.06,150.35,150.48,1321.241,1645811819999,199012.99615,327,573.945,86476.61408,0
1645811820000,150.49,150.71,150.46,150.55,112.135,1645811879999,16884.25108,103,36.540,5503.93571,0
1645811880000,150.58,150.82,150.55,150.80,139.128,1645811939999,20964.71847,92,94.529,14245.14465,0
1645811940000,150.76,150.83,150.66,150.77,88.896,1645811999999,13401.09296,79,41.664,6281.69573,0
1645812000000,150.75,150.99,150.75,150.99,96.955,1645812059999,14632.64894,82,44.438,6705.99816,0
1645812060000,150.93,150.97,150.79,150.85,124.844,1645812119999,18839.03152,88,58.361,8808.15467,0
1645812120000,150.80,150.85,150.29,150.40,652.243,1645812179999,98296.52613,181,57.489,8662.49699,0
1645812180000,150.41,150.58,150.13,150.58,431.257,1645812239999,64822.07829,278,147.715,22204.80870,0
1645812240000,150.61,150.78,150.59,150.62,100.700,1645812299999,15172.85040,88,26.088,3930.75342,0
1645812300000,150.62,150.67,150.57,150.58,26.228,1645812359999,3950.36618,36,17.737,2671.52260,0
1645812360000,150.60,150.63,150.23,150.27,94.995,1645812419999,14290.38411,84,31.992,4811.20738,0
1645812420000,150.28,150.50,150.06,150.15,89.913,1645812479999,13514.87946,79,45.357,6820.17691,0
1645812480000,150.11,150.11,149.62,149.73,251.613,1645812539999,37707.88231,242,120.434,18049.85625,0
1645812540000,149.74,149.76,149.34,149.43,154.689,1645812599999,23128.12881,134,50.200,7506.09893,0
1645812600000,149.45,149.71,149.26,149.62,201.833,1645812659999,30160.10369,107,152.332,22762.80551,0
1645812660000,149.61,149.62,149.35,149.62,201.656,1645812719999,30135.64161,95,55.790,8338.93720,0
1645812720000,149.62,149.80,149.41,149.74,197.696,1645812779999,29568.65945,125,49.072,7344.00771,0
1645812780000,149.75,149.76,149.50,149.55,59.669,1645812839999,8928.46294,60,40.104,6000.18599,0
1645812840000,149.55,149.60,149.30,149.37,46.937,1645812899999,7012.85665,59,12.392,1851.83592,0
1645812900000,149.35,149.37,149.06,149.35,197.523,1645812959999,29467.32338,142,48.731,7273.06696,0
1645812960000,149.36,149.59,149.28,149.57,435.445,1645813019999,65073.18260,152,212.605,31776.06892,0
1645813020000,149.52,150.10,149.52,149.91,460.187,1645813079999,68965.01733,154,299.018,44821.24176,0
1645813080000,149.97,150.32,149.96,150.04,229.634,1645813139999,34471.87740,136,101.217,15194.91215,0
1645813140000,150.04,150.13,149.97,150.05,120.919,1645813199999,18145.99288,74,59.059,8862.76390,0
1645813200000,150.04,150.06,149.90,149.90,119.852,1645813259999,17982.08561,69,45.619,6844.64493,0
1645813260000,149.89,150.11,149.89,150.09,146.691,1645813319999,22006.99867,71,68.885,10335.90699,0
1645813320000,150.09,150.20,150.02,150.12,85.585,1645813379999,12848.09713,51,40.891,6138.86899,0
1645813380000,150.12,150.12,149.95,150.08,56.231,1645813439999,8437.83818,39,35.050,5259.06242,0
1645813440000,150.08,150.11,149.89,149.95,101.277,1645813499999,15195.98809,73,69.548,10437.04242,0
1645813500000,149.90,150.01,149.82,149.99,128.740,1645813559999,19302.63992,47,102.093,15306.80705,0
1645813560000,149.98,150.65,149.92,150.65,541.829,1645813619999,81387.50891,241,499.824,75073.47863,0
1645813620000,150.64,150.65,150.44,150.44,146.761,1645813679999,22091.45075,122,69.962,10534.12656,0
1645813680000,150.44,150.47,150.20,150.24,240.486,1645813739999,36153.92827,91,87.184,13108.05972,0
1645813740000,150.27,150.50,150.23,150.43,90.288,1645813799999,13579.32883,60,37.468,5634.51940,0
1645813800000,150.41,150.66,150.41,150.62,143.603,1645813859999,21615.92555,56,109.186,16433.06116,0
1645813860000,150.57,150.79,150.56,150.77,93.760,1645813919999,14130.44851,67,64.134,9665.62271,0
1645813920000,150.76,150.76,150.65,150.73,27.526,1645813979999,4148.82251,32,5.606,844.67565,0
1645813980000,150.74,150.76,150.61,150.68,50.087,1645814039999,7547.85901,86,33.918,5111.48412,0
1645814040000,150.69,150.80,150.68,150.77,45.317,1645814099999,6830.78076,48,22.455,3384.19536,0
1645814100000,150.74,151.28,150.74,151.17,811.242,1645814159999,122520.53388,305,662.970,100127.83908,0
1645814160000,151.14,151.18,150.56,150.63,318.922,1645814219999,48126.27152,107,112.270,16942.23948,0
1645814220000,150.63,150.83,150.61,150.61,89.943,1645814279999,13551.30694,55,61.024,9193.27504,0
1645814280000,150.59,150.85,150.57,150.81,241.824,1645814339999,36434.94952,52,199.752,30095.59622,0
1645814340000,150.81,150.95,150.78,150.94,71.481,1645814399999,10783.30463,49,51.543,7775.49489,0
1645814400000,151.00,151.17,151.00,151.07,145.024,1645814459999,21911.19251,90,126.032,19042.20252,0
1645814460000,151.05,151.05,150.93,150.96,13.135,1645814519999,1983.25126,17,0.035,5.28395,0
1645814520000,150.96,151.10,150.95,151.07,107.128,1645814579999,16181.33661,62,77.531,11711.55128,0
1645814580000,151.09,151.09,150.91,150.94,10.460,1645814639999,1579.72867,22,2.378,359.06200,0
1645814640000,150.94,151.13,150.91,151.13,58.471,1645814699999,8828.09456,55,35.756,5398.04224,0
1645814700000,151.13,151.13,150.99,151.06,57.161,1645814759999,8633.65786,46,35.990,5435.33216,0
1645814760000,151.05,151.18,151.01,151.15,103.678,1645814819999,15662.84710,64,56.630,8554.89238,0
1645814820000,151.13,151.13,150.83,150.85,147.430,1645814879999,22252.91632,86,61.912,9340.65448,0
1645814880000,150.83,151.23,150.74,150.81,503.992,1645814939999,76065.35627,206,280.619,42337.08283,0
1645814940000,150.78,151.00,150.77,150.92,48.138,1645814999999,7263.00651,55,26.460,3992.40882,0
1645815000000,150.92,151.11,150.91,151.11,57.262,1645815059999,8645.80742,55,47.480,7168.27298,0
1645815060000,151.18,151.19,150.97,151.02,42.497,1645815119999,6420.07577,60,14.109,2131.01852,0
1645815120000,150.96,150.96,150.74,150.87,167.133,1645815179999,25221.07157,70,14.477,2184.01283,0
1645815180000,150.89,151.00,150.80,150.98,47.239,1645815239999,7127.04243,41,21.666,3269.33093,0
1645815240000,150.98,151.17,150.83,150.90,83.455,1645815299999,12601.75812,84,32.231,4867.01369,0
1645815300000,150.86,150.86,150.62,150.76,167.698,1645815359999,25281.19350,126,87.242,13151.32491,0
1645815360000,150.77,150.85,150.66,150.68,236.298,1645815419999,35627.17537,122,133.864,20183.69493,0
1645815420000,150.67,150.76,150.50,150.50,136.113,1645815479999,20504.89480,73,70.535,10627.81875,0
1645815480000,150.52,150.59,150.33,150.49,193.445,1645815539999,29100.63945,109,25.586,3850.13371,0
1645815540000,150.52,150.67,150.49,150.53,102.304,1645815599999,15401.76487,42,91.392,13758.39716,0
1645815600000,150.54,150.55,150.27,150.37,113.446,1645815659999,17059.27493,78,68.540,10307.82836,0
1645815660000,150.37,150.51,150.36,150.42,78.316,1645815719999,11782.65662,78,22.357,3363.34768,0
1645815720000,150.47,150.62,150.46,150.52,100.203,1645815779999,15086.35295,97,49.055,7385.91757,0
1645815780000,150.52,150.59,150.39,150.39,116.553,1645815839999,17539.69736,66,34.073,5128.07686,0
1645815840000,150.39,150.49,150.08,150.09,159.115,1645815899999,23909.90005,99,32.472,4882.63379,0
1645815900000,150.09,150.13,150.01,150.06,61.285,1645815959999,9197.44544,59,32.689,4905.77794,0
1645815960000,150.06,150.06,149.61,149.64,169.525,1645816019999,25402.16140,111,37.870,5672.07869,0
1645816020000,149.61,149.68,149.46,149.50,200.145,1645816079999,29951.77391,70,33.132,4957.10299,0
1645816080000,149.51,149.66,149.35,149.59,88.660,1645816139999,13254.53793,91,40.978,6126.05256,0
1645816140000,149.58,149.85,149.49,149.85,111.863,1645816199999,16743.79531,75,62.439,9345.07641,0
1645816200000,149.90,149.92,149.59,149.71,106.936,1645816259999,16016.88859,79,32.272,4830.99872,0
1645816260000,149.73,150.09,149.66,150.09,111.103,1645816319999,16647.39399,67,65.120,9756.17705,0
1645816320000,150.10,150.27,150.08,150.19,288.287,1645816379999,43285.68660,167,61.142,9181.42791,0
1645816380000,150.19,150.31,150.02,150.05,131.802,1645816439999,19792.99134,71,46.986,7056.64787,0
1645816440000,150.04,150.04,149.90,149.95,20.007,1645816499999,3000.18553,40,10.030,1503.96423,0
1645816500000,149.95,150.09,149.95,150.09,62.292,1645816559999,9345.36978,57,15.737,2361.01326,0
1645816560000,150.08,150.23,150.00,150.17,107.784,1645816619999,16176.44373,80,64.765,9720.55679,0
1645816620000,150.24,150.30,150.14,150.14,114.276,1645816679999,17167.04398,56,14.438,2169.35346,0
1645816680000,150.13,150.14,149.99,150.00,66.523,1645816739999,9982.89012,40,5.740,861.10831,0
1645816740000,150.01,150.15,150.00,150.06,306.298,1645816799999,45972.87845,104,138.876,20845.71885,0
1645816800000,150.06,150.41,149.92,150.31,490.171,1645816859999,73625.35737,142,422.229,63420.90527,0
1645816860000,150.30,150.36,150.22,150.36,82.540,1645816919999,12404.24844,68,47.785,7181.30101,0
1645816920000,150.32,150.37,150.27,150.37,31.519,1645816979999,4738.15477,26,23.666,3557.90844,0
1645816980000,150.35,150.75,150.34,150.72,233.455,1645817039999,35149.42824,77,144.119,21704.74087,0
1645817040000,150.72,150.81,150.37,150.48,335.201,1645817099999,50460.56903,159,52.527,7911.41036,0
1645817100000,150.46,150.46,150.26,150.27,183.687,1645817159999,27618.85997,62,114.356,17194.24540,0
1645817160000,150.28,150.30,149.96,150.17,125.991,1645817219999,18906.58815,81,21.801,3272.80440,0
1645817220000,150.15,150.17,150.04,150.10,78.863,1645817279999,11836.70130,30,68.234,10241.47774,0
1645817280000,150.17,150.42,150.16,150.29,168.804,1645817339999,25383.04961,53,17.596,2644.02680,0
1645817340000,150.32,150.32,150.11,150.16,473.109,1645817399999,71061.40013,49,4.915,738.48885,0
1645817400000,150.17,150.24,150.15,150.23,54.578,1645817459999,8197.04354,35,32.502,4881.07541,0
1645817460000,150.22,150.49,149.88,149.91,255.475,1645817519999,38403.83803,113,132.764,19960.15504,0
1645817520000,149.91,149.91,149.66,149.78,90.630,1645817579999,13570.67094,64,15.264,2285.94337,0
1645817580000,149.84,149.85,149.74,149.84,40.007,1645817639999,5993.35694,37,25.260,3784.19527,0
1645817640000,149.85,149.88,149.44,149.50,178.517,1645817699999,26717.67302,83,48.473,7249.34527,0
1645817700000,149.50,149.60,149.41,149.52,70.268,1645817759999,10506.66628,55,47.126,7046.69902,0
1645817760000,149.57,149.67,149.38,149.65,112.744,1645817819999,16859.31958,86,58.703,8781.18220,0
1645817820000,149.62,149.83,149.61,149.69,68.289,1645817879999,10226.40116,40,46.224,6923.42756,0
1645817880000,149.68,149.77,149.57,149.77,72.649,1645817939999,10875.03386,62,25.441,3808.94090,0
1645817940000,149.78,149.91,149.74,149.80,73.127,1645817999999,10956.66080,66,38.824,5817.68928,0
1645818000000,149.80,150.03,149.79,150.03,76.657,1645818059999,11492.78721,56,55.511,8322.87524,0
1645818060000,150.02,150.15,150.02,150.03,35.271,1645818119999,5293.59913,44,12.617,1893.76462,0
1645818120000,150.04,150.10,149.67,149.71,197.350,1645818179999,29568.75823,76,81.381,12190.76035,0
1645818180000,149.71,149.99,149.70,149.90,132.296,1645818239999,19823.78426,79,110.433,16547.48533,0
1645818240000,149.90,150.03,149.90,150.03,26.361,1645818299999,3952.86575,33,16.641,2495.42099,0
1645818300000,150.04,150.17,150.02,150.04,43.091,1645818359999,6466.17749,43,31.070,4662.07257,0
1645818360000,150.04,150.12,149.91,149.99,116.968,1645818419999,17545.99027,76,80.704,12105.16948,0
1645818420000,150.00,150.52,150.00,150.36,257.692,1645818479999,38748.99815,120,120.799,18163.44921,0
1645818480000,150.38,150.38,150.18,150.22,90.780,1645818539999,13642.21136,58,57.830,8689.79077,0
1645818540000,150.20,150.25,150.20,150.21,21.254,1645818599999,3192.65086,32,14.269,2143.35449,0
1645818600000,150.16,150.16,150.02,150.03,32.279,1645818659999,4844.60300,42,12.572,1886.72532,0
1645818660000,150.03,150.11,149.76,149.78,38.121,1645818719999,5718.59407,60,22.259,3339.53313,0
1645818720000,149.79,149.87,149.74,149.80,35.719,1645818779999,5351.50135,43,19.323,2895.00188,0
1645818780000,149.77,149.78,149.68,149.70,51.861,1645818839999,7764.63094,51,14.999,2245.67996,0
1645818840000,149.69,150.05,149.69,149.96,56.799,1645818899999,8514.73348,49,45.823,6868.65136,0
1645818900000,149.98,150.24,149.98,150.22,70.810,1645818959999,10632.34730,55,59.755,8972.21325,0
1645818960000,150.22,150.31,150.19,150.27,30.375,1645819019999,4563.65494,39,19.274,2895.70100,0
1645819020000,150.24,150.31,150.10,150.13,49.290,1645819079999,7404.82585,33,29.304,4402.32582,0
1645819080000,150.13,150.27,149.94,150.05,118.301,1645819139999,17753.99605,67,52.708,7910.90400,0
1645819140000,150.00,150.03,149.90,149.98,54.435,1645819199999,8163.81943,47,27.666,4149.28018,0
1645819200000,149.96,150.07,149.96,150.02,157.144,1645819259999,23574.43007,115,111.845,16779.13356,0
1645819260000,150.03,150.09,149.89,150.09,176.489,1645819319999,26462.80699,104,143.052,21448.31938,0
1645819320000,150.08,150.45,150.08,150.32,75.954,1645819379999,11410.91338,90,43.471,6530.35393,0
1645819380000,150.31,150.49,150.30,150.38,35.984,1645819439999,5412.75910,40,19.210,2888.69556,0
1645819440000,150.37,150.37,150.18,150.24,90.263,1645819499999,13565.35094,54,31.249,4695.45028,0
1645819500000,150.28,150.34,150.23,150.34,57.682,1645819559999,8668.62442,49,25.976,3904.07267,0
1645819560000,150.34,150.48,150.34,150.42,35.071,1645819619999,5274.24368,37,27.352,4113.27190,0
1645819620000,150.39,150.39,149.92,149.92,92.721,1645819679999,13919.07794,62,21.652,3252.02832,0
1645819680000,149.85,149.92,149.50,149.92,71.832,1645819739999,10754.71657,64,41.335,6188.63688,0
1645819740000,149.92,150.27,149.87,150.25,98.949,1645819799999,14844.21284,76,69.877,10482.97596,0
1645819800000,150.26,150.54,150.26,150.45,48.284,1645819859999,7263.77328,48,25.337,3811.80984,0
1645819860000,150.43,150.47,150.20,150.30,129.323,1645819919999,19435.32134,51,76.271,11460.91897,0
1645819920000,150.27,150.51,150.27,150.47,63.530,1645819979999,9554.54512,47,33.605,5054.44491,0
1645819980000,150.47,150.68,150.41,150.68,120.528,1645820039999,18135.87751,65,95.847,14422.68130,0
1645820040000,150.67,150.72,150.53,150.72,69.215,1645820099999,10426.93459,49,15.756,2373.63614,0
1645820100000,150.72,151.24,150.56,151.16,219.763,1645820159999,33163.41022,119,192.081,28991.47593,0
1645820160000,151.17,151.32,151.08,151.16,86.063,1645820219999,13011.89528,74,48.076,7269.37620,0
1645820220000,151.18,151.19,150.68,150.90,260.866,1645820279999,39375.35047,133,65.517,9888.35087,0
1645820280000,150.92,150.94,150.84,150.92,34.790,1645820339999,5250.42149,23,5.655,853.48571,0
1645820340000,150.91,150.91,150.56,150.64,90.850,1645820399999,13689.43700,63,12.387,1866.45776,0
1645820400000,150.69,150.78,150.61,150.61,61.276,1645820459999,9234.45222,54,36.322,5474.05053,0
1645820460000,150.53,150.53,150.12,150.12,77.928,1645820519999,11707.52547,79,13.195,1981.71218,0
1645820520000,150.12,150.21,150.02,150.09,176.071,1645820579999,26433.13183,52,126.654,19013.94393,0
1645820580000,150.12,150.50,150.09,150.43,115.863,1645820639999,17415.40031,43,98.322,14779.19683,0
1645820640000,150.49,150.60,150.44,150.44,103.025,1645820699999,15501.70293,59,11.431,1720.12116,0
1645820700000,150.43,150.48,150.28,150.32,101.836,1645820759999,15315.47559,67,31.259,4701.68171,0
1645820760000,150.32,150.32,150.08,150.08,35.342,1645820819999,5306.40332,18,0.104,15.62126,0
1645820820000,150.09,150.21,150.09,150.11,65.252,1645820879999,9795.07182,48,53.067,7965.43671,0
1645820880000,150.11,150.11,149.87,149.96,112.277,1645820939999,16837.62861,69,25.664,3847.87096,0
1645820940000,150.01,150.01,149.93,149.96,15.937,1645820999999,2389.97616,25,4.423,663.16277,0
1645821000000,149.95,150.31,149.89,150.28,112.769,1645821059999,16920.93445,60,74.391,11163.76531,0
1645821060000,150.28,150.28,150.17,150.22,71.365,1645821119999,10719.60361,63,27.131,4074.84246,0
1645821120000,150.25,150.40,150.25,150.32,30.355,1645821179999,4564.01906,35,13.594,2043.81697,0
1645821180000,150.32,150.37,150.19,150.19,26.098,1645821239999,3923.16208,29,7.772,1168.44475,0
1645821240000,150.18,150.18,149.96,149.98,33.302,1645821299999,4997.25144,38,11.698,1755.25689,0
1645821300000,149.93,149.95,149.80,149.80,54.804,1645821359999,8213.36617,31,33.043,4953.18266,0
1645821360000,149.80,149.99,149.78,149.98,22.856,1645821419999,3425.14737,33,15.520,2325.81904,0
1645821420000,149.96,150.08,149.88,150.02,43.705,1645821479999,6554.39491,47,18.329,2748.85265,0
1645821480000,149.98,150.62,149.88,150.54,529.061,1645821539999,79456.58927,197,443.476,66602.38768,0
1645821540000,150.60,150.89,150.59,150.74,158.847,1645821599999,23953.20401,115,112.775,17006.65615,0
1645821600000,150.74,151.06,150.74,151.04,146.336,1645821659999,22093.71421,119,101.267,15287.86241,0
1645821660000,151.00,151.07,150.95,151.07,93.976,1645821719999,14192.73209,55,60.787,9181.42070,0
1645821720000,151.07,151.07,150.82,150.83,85.082,1645821779999,12840.81738,70,17.514,2643.56163,0
1645821780000,150.82,151.35,150.78,151.29,370.128,1645821839999,55897.51281,234,302.549,45690.92083,0
1645821840000,151.28,151.28,150.74,150.85,616.992,1645821899999,93126.61753,202,27.464,4145.76377,0
1645821900000,150.81,150.98,150.75,150.91,83.777,1645821959999,12642.01253,74,34.382,5187.47707,0
1645821960000,150.94,151.12,150.91,151.06,118.464,1645822019999,17890.19493,81,45.274,6837.34548,0
1645822020000,151.07,151.24,151.02,151.15,86.861,1645822079999,13130.01563,65,58.800,8889.26373,0
1645822080000,151.12,151.20,151.02,151.12,54.170,1645822139999,8185.15647,54,26.135,3949.02175,0
1645822140000,151.07,151.11,150.96,151.00,42.903,1645822199999,6479.52709,45,25.263,3815.34222,0
1645822200000,151.03,151.33,151.03,151.29,71.697,1645822259999,10841.61590,72,55.290,8359.52314,0
1645822260000,151.29,151.96,151.27,151.76,444.628,1645822319999,67476.43834,233,239.200,36291.02391,0
1645822320000,151.73,151.98,151.64,151.94,36.122,1645822379999,5485.47158,61,24.793,3765.43806,0
1645822380000,151.89,151.98,151.80,151.93,67.095,1645822439999,10193.02099,60,38.090,5785.59872,0
1645822440000,151.91,151.95,151.64,151.89,118.040,1645822499999,17915.27589,80,34.548,5245.84641,0
1645822500000,151.88,151.98,151.76,151.89,124.915,1645822559999,18977.73838,69,82.415,12521.44416,0
1645822560000,151.89,151.91,151.60,151.63,55.056,1645822619999,8353.11049,51,30.558,4636.20905,0
1645822620000,151.62,151.62,151.48,151.56,27.771,1645822679999,4208.66287,41,13.252,2008.12338,0
1645822680000,151.57,151.74,151.42,151.63,65.765,1645822739999,9966.92755,49,16.969,2572.81046,0
1645822740000,151.63,151.64,151.53,151.56,66.126,1645822799999,10024.67982,52,17.617,2670.34538,0
1645822800000,151.52,151.69,151.45,151.50,96.679,1645822859999,14648.74947,53,76.224,11548.74981,0
1645822860000,151.50,151.61,151.35,151.60,134.419,1645822919999,20350.42348,72,52.938,8015.71797,0
1645822920000,151.60,151.64,151.46,151.47,74.832,1645822979999,11342.63038,62,45.705,6928.66480,0
1645822980000,151.48,151.52,151.30,151.32,45.102,1645823039999,6827.82871,41,12.728,1926.63806,0
1645823040000,151.34,151.48,151.34,151.38,23.223,1645823099999,3516.05215,32,14.850,2248.01961,0
1645823100000,151.39,151.50,151.38,151.41,33.151,1645823159999,5020.90513,40,19.344,2929.51889,0
1645823160000,151.40,151.49,151.40,151.48,21.101,1645823219999,3196.27565,27,6.121,927.10525,0
1645823220000,151.48,151.86,151.48,151.85,55.419,1645823279999,8406.15040,37,14.070,2135.96302,0
1645823280000,151.84,152.15,151.83,152.11,136.584,1645823339999,20751.72128,77,127.135,19316.77460,0
1645823340000,152.12,152.24,152.12,152.21,30.137,1645823399999,4586.52163,39,18.239,2775.72874,0
1645823400000,152.23,152.40,152.21,152.34,52.755,1645823459999,8033.93751,55,32.768,4990.50981,0
1645823460000,152.36,152.48,152.27,152.37,82.988,1645823519999,12645.14514,63,33.295,5073.22022,0
1645823520000,152.37,152.42,152.24,152.42,41.757,1645823579999,6361.56754,48,8.539,1300.64623,0
1645823580000,152.44,152.53,152.36,152.41,26.812,1645823639999,4087.03676,33,8.203,1250.45475,0
1645823640000,152.43,152.46,152.38,152.40,56.575,1645823699999,8622.72403,55,4.290,653.89287,0
1645823700000,152.39,152.43,152.05,152.05,155.108,1645823759999,23617.25903,101,35.121,5347.22190,0
1645823760000,152.05,152.14,152.00,152.06,59.901,1645823819999,9108.53953,60,16.772,2550.79139,0
1645823820000,152.07,152.13,152.04,152.06,34.896,1645823879999,5306.32414,28,0.378,57.49182,0
1645823880000,152.05,152.06,151.97,152.02,46.469,1645823939999,7064.32486,35,27.993,4255.33079,0
1645823940000,152.00,152.03,151.97,151.98,27.038,1645823999999,4110.23670,33,10.667,1621.54610,0
1645824000000,152.00,152.04,151.98,151.98,23.130,1645824059999,3515.67017,35,5.349,813.08481,0
1645824060000,151.99,152.08,151.88,151.94,67.617,1645824119999,10277.65936,52,42.466,6455.10393,0
1645824120000,151.96,151.96,151.89,151.91,38.622,1645824179999,5867.72116,30,9.997,1518.81285,0
1645824180000,151.96,152.05,151.91,151.95,42.236,1645824239999,6418.79815,42,8.818,1340.22033,0
1645824240000,151.95,152.09,151.94,151.94,104.425,1645824299999,15873.21672,52,14.159,2152.04359,0
1645824300000,151.89,151.92,151.72,151.72,66.861,1645824359999,10149.42924,51,24.820,3767.88407,0
1645824360000,151.77,151.87,151.71,151.87,24.335,1645824419999,3693.12699,27,5.817,882.84619,0
1645824420000,151.85,152.06,151.85,152.00,31.464,1645824479999,4782.21527,28,12.513,1901.70176,0
1645824480000,152.03,152.08,152.00,152.07,27.583,1645824539999,4193.06700,25,1.513,230.02670,0
1645824540000,152.07,152.20,152.07,152.20,31.885,1645824599999,4849.08918,23,10.358,1575.47007,0
1645824600000,152.22,152.39,152.21,152.31,114.024,1645824659999,17363.07774,59,84.785,12909.33024,0
1645824660000,152.30,152.32,152.19,152.22,69.689,1645824719999,10609.61946,67,36.563,5566.60417,0
1645824720000,152.21,152.21,151.91,152.06,52.537,1645824779999,7990.74662,45,18.242,2775.46392,0
1645824780000,152.02,152.06,151.95,151.99,45.657,1645824839999,6940.05475,54,23.093,3510.38290,0
1645824840000,151.99,152.02,151.97,151.97,29.371,1645824899999,4464.16516,38,1.016,154.42483,0
1645824900000,151.98,152.06,151.98,152.01,30.086,1645824959999,4573.81507,24,11.823,1797.66479,0
1645824960000,152.02,152.04,151.96,151.98,64.845,1645825019999,9856.93767,53,27.005,4105.29144,0
1645825020000,151.99,152.02,151.97,152.00,19.598,1645825079999,2978.60494,24,3.269,496.83905,0
1645825080000,152.00,152.04,151.97,151.98,27.293,1645825139999,4148.27253,24,9.540,1449.94699,0
1645825140000,152.00,152.06,151.98,152.06,33.728,1645825199999,5126.46800,34,4.763,724.10944,0
1645825200000,152.05,152.06,151.96,151.97,43.212,1645825259999,6568.70081,42,4.933,749.99824,0
1645825260000,151.97,151.97,151.87,151.88,107.330,1645825319999,16304.52797,78,10.079,1531.49575,0
1645825320000,151.88,151.96,151.88,151.96,30.746,1645825379999,4671.37831,31,24.801,3768.37743,0
1645825380000,151.92,151.95,151.87,151.93,28.929,1645825439999,4394.95103,26,17.210,2614.69134,0
1645825440000,151.95,151.95,151.88,151.93,31.962,1645825499999,4855.56711,35,1.982,301.07282,0
1645825500000,151.93,152.05,151.86,151.99,86.510,1645825559999,13143.91021,63,44.796,6806.17832,0
1645825560000,151.99,152.10,151.91,151.91,93.585,1645825619999,14226.72484,67,28.718,4367.42234,0
1645825620000,151.93,151.93,151.63,151.73,124.718,1645825679999,18928.25288,97,9.744,1479.12382,0
1645825680000,151.68,151.73,151.48,151.51,149.083,1645825739999,22596.81638,91,18.088,2743.13930,0
1645825740000,151.52,151.62,151.51,151.56,37.539,1645825799999,5689.48224,43,4.466,676.94594,0
1645825800000,151.57,151.59,151.45,151.48,122.681,1645825859999,18590.81381,58,9.530,1443.89434,0
1645825860000,151.48,151.68,151.48,151.67,11.005,1645825919999,1667.88323,22,6.196,939.07276,0
1645825920000,151.67,151.89,151.67,151.86,73.187,1645825979999,11113.44682,37,49.518,7519.10057,0
1645825980000,151.86,152.02,151.86,151.88,73.969,1645826039999,11239.37664,45,41.774,6347.62603,0
1645826040000,151.88,151.92,151.85,151.85,20.202,1645826099999,3068.68385,29,0.473,71.84784,0
1645826100000,151.84,151.91,151.82,151.87,39.830,1645826159999,6048.91909,52,11.586,1759.46524,0
1645826160000,151.88,151.89,151.69,151.79,39.348,1645826219999,5973.35155,70,8.713,1322.86736,0
1645826220000,151.72,151.72,151.36,151.51,147.496,1645826279999,22349.65043,89,26.040,3945.10231,0
1645826280000,151.52,151.72,151.52,151.69,55.717,1645826339999,8448.52889,40,35.015,5308.63818,0
1645826340000,151.71,151.81,151.59,151.70,97.417,1645826399999,14779.70520,58,72.619,11018.84150,0
1645826400000,151.69,151.81,151.63,151.63,67.439,1645826459999,10230.44369,56,42.700,6476.41626,0
1645826460000,151.63,151.64,150.89,150.95,262.759,1645826519999,39725.96967,167,19.823,2996.73544,0
1645826520000,150.98,151.07,150.87,151.07,132.737,1645826579999,20031.37559,74,13.265,2002.18262,0
1645826580000,151.10,151.14,151.10,151.12,17.971,1645826639999,2715.91959,19,3.630,548.56782,0
1645826640000,151.12,151.22,151.12,151.16,29.560,1645826699999,4469.32213,32,11.054,1671.14364,0
1645826700000,151.21,151.25,150.90,150.90,108.960,1645826759999,16461.13087,73,22.702,3427.49497,0
1645826760000,150.90,150.91,150.72,150.84,54.851,1645826819999,8273.63222,68,17.037,2569.44208,0
1645826820000,150.82,150.98,150.82,150.98,13.152,1645826879999,1985.09238,21,7.561,1141.02452,0
1645826880000,150.98,151.04,150.98,150.99,15.870,1645826939999,2396.27516,24,2.133,322.06583,0
1645826940000,151.01,151.07,150.99,151.07,17.150,1645826999999,2589.89338,27,3.420,516.51142,0
1645827000000,151.03,151.04,150.99,151.04,15.575,1645827059999,2352.08286,27,5.662,855.17772,0
1645827060000,151.03,151.24,150.99,151.22,117.017,1645827119999,17677.60549,62,95.057,14360.04968,0
1645827120000,151.23,151.44,151.21,151.39,141.068,1645827179999,21346.09408,70,111.347,16850.88729,0
1645827180000,151.41,151.59,151.41,151.55,26.902,1645827239999,4075.56530,29,21.798,3302.45227,0
1645827240000,151.59,151.63,151.53,151.63,57.924,1645827299999,8779.97590,28,24.786,3757.39267,0
1645827300000,151.62,151.74,151.62,151.69,39.359,1645827359999,5969.40301,42,30.405,4610.95571,0
1645827360000,151.69,151.69,151.45,151.45,42.916,1645827419999,6506.41319,81,2.575,390.39358,0
1645827420000,151.44,151.46,151.33,151.38,69.968,1645827479999,10591.99684,61,12.889,1950.67305,0
1645827480000,151.38,151.38,151.24,151.34,74.200,1645827539999,11226.16986,76,8.224,1244.60200,0
1645827540000,151.33,151.33,151.17,151.18,51.741,1645827599999,7825.75526,67,0.319,48.25093,0
1645827600000,151.18,151.27,151.07,151.25,80.703,1645827659999,12197.87534,70,38.781,5862.30045,0
1645827660000,151.25,151.45,151.20,151.44,92.353,1645827719999,13980.82343,87,64.527,9769.69829,0
1645827720000,151.43,151.56,151.42,151.52,173.335,1645827779999,26260.77176,130,72.610,11002.65910,0
1645827780000,151.52,151.52,151.33,151.39,176.725,1645827839999,26759.29915,138,10.858,1644.44919,0
1645827840000,151.41,151.52,151.36,151.52,108.407,1645827899999,16418.76544,63,71.164,10780.66956,0
1645827900000,151.46,151.65,151.43,151.65,110.219,1645827959999,16703.68388,88,47.791,7243.86761,0
1645827960000,151.65,151.65,151.60,151.64,14.322,1645828019999,2171.82398,26,2.490,377.51531,0
1645828020000,151.64,151.65,151.64,151.65,15.061,1645828079999,2283.85795,46,0.791,119.95515,0
1645828080000,151.65,151.75,151.65,151.66,117.388,1645828139999,17808.25485,78,75.458,11448.25177,0
1645828140000,151.66,151.67,151.66,151.66,3.710,1645828199999,562.66865,20,1.005,152.42835,0
1645828200000,151.67,151.67,151.63,151.63,32.350,1645828259999,4906.08845,104,2.809,426.00912,0
1645828260000,151.64,151.64,151.50,151.54,91.530,1645828319999,13871.88674,94,44.198,6698.56110,0
1645828320000,151.55,151.55,151.43,151.45,17.243,1645828379999,2611.88558,52,3.327,503.91039,0
1645828380000,151.44,151.45,151.37,151.41,25.078,1645828439999,3796.90008,44,12.661,1916.95492,0
1645828440000,151.41,151.77,151.41,151.77,23.612,1645828499999,3581.38879,33,6.659,1009.00392,0
1645828500000,151.78,151.97,151.78,151.97,55.431,1645828559999,8418.69783,60,48.666,7390.73159,0
1645828560000,151.96,151.96,151.86,151.86,21.123,1645828619999,3208.76518,52,5.937,901.72619,0
1645828620000,151.86,152.32,151.86,152.31,349.534,1645828679999,53183.28962,165,280.235,42635.84286,0
1645828680000,152.31,152.44,152.31,152.44,87.455,1645828739999,13325.40191,81,56.030,8537.53103,0
1645828740000,152.44,152.45,152.36,152.37,63.244,1645828799999,9639.84619,63,24.671,3760.96042,0
1645828800000,152.38,152.39,152.33,152.35,42.689,1645828859999,6503.77342,41,6.685,1018.52723,0
1645828860000,152.35,152.48,152.33,152.48,39.954,1645828919999,6087.90814,60,12.190,1857.74181,0
1645828920000,152.48,152.56,152.46,152.51,59.586,1645828979999,9087.92496,62,32.533,4961.86278,0
1645828980000,152.51,152.69,152.51,152.66,92.082,1645829039999,14051.84168,73,69.346,10581.40267,0
1645829040000,152.66,152.66,152.52,152.61,61.811,1645829099999,9432.80674,71,2.550,389.08762,0
1645829100000,152.64,153.03,152.62,152.96,157.352,1645829159999,24062.27775,141,84.783,12963.61199,0
1645829160000,153.01,154.04,152.96,153.82,800.318,1645829219999,122735.05331,601,686.935,105329.84577,0
1645829220000,153.80,154.18,153.45,154.08,387.908,1645829279999,59643.45828,303,131.557,20244.72403,0
1645829280000,154.09,154.23,153.89,154.16,234.233,1645829339999,36100.53765,134,147.291,22707.07213,0
1645829340000,154.21,154.48,154.11,154.14,150.946,1645829399999,23283.85520,221,60.299,9301.94165,0
1645829400000,154.13,154.19,154.03,154.04,64.494,1645829459999,9937.52045,83,12.097,1864.73400,0
1645829460000,154.04,154.12,153.74,153.79,201.885,1645829519999,31081.48088,136,81.161,12501.59901,0
1645829520000,153.76,153.76,153.51,153.60,156.084,1645829579999,23977.55968,132,11.530,1771.05650,0
1645829580000,153.61,154.05,153.58,153.84,192.250,1645829639999,29581.03612,152,59.045,9084.53585,0
1645829640000,153.91,153.91,153.55,153.55,216.190,1645829699999,33225.66099,159,8.190,1259.14715,0
1645829700000,153.60,153.64,153.45,153.53,189.458,1645829759999,29086.35375,147,35.058,5383.57304,0
1645829760000,153.50,153.68,153.45,153.68,59.198,1645829819999,9086.10253,57,14.872,2283.60969,0
1645829820000,153.76,154.62,153.68,154.49,202.165,1645829879999,31163.39250,223,132.170,20381.16414,0
1645829880000,154.50,154.61,154.20,154.48,288.977,1645829939999,44623.18050,169,60.753,9382.97405,0
1645829940000,154.53,154.61,154.40,154.40,224.236,1645829999999,34646.97459,123,49.211,7604.99128,0
1645830000000,154.43,154.68,154.33,154.54,706.675,1645830059999,109164.03402,355,248.672,38416.70570,0
1645830060000,154.55,154.86,154.42,154.81,309.381,1645830119999,47854.16847,250,197.939,30621.45671,0
1645830120000,154.86,155.25,154.83,155.14,683.903,1645830179999,106010.18723,296,599.182,92875.11116,0
1645830180000,155.18,155.30,154.61,154.67,379.860,1645830239999,58899.55175,304,80.782,12534.97346,0
1645830240000,154.67,154.99,154.67,154.75,136.200,1645830299999,21089.96929,153,58.491,9057.32176,0
1645830300000,154.74,154.76,154.47,154.54,406.345,1645830359999,62820.01145,168,196.866,30434.12685,0
1645830360000,154.52,154.54,153.70,154.16,350.986,1645830419999,54107.78142,278,157.140,24220.89594,0
1645830420000,154.18,154.18,153.51,153.91,310.913,1645830479999,47831.87726,191,111.378,17136.70293,0
1645830480000,153.95,154.23,153.85,154.12,267.496,1645830539999,41207.19531,161,154.393,23789.65111,0
1645830540000,154.11,154.29,153.84,153.94,335.304,1645830599999,51666.09583,240,129.407,19945.49874,0
1645830600000,153.88,154.05,153.74,154.05,178.469,1645830659999,27459.53520,142,118.685,18260.62851,0
1645830660000,154.06,154.23,153.95,154.16,168.417,1645830719999,25953.57095,129,92.404,14238.11369,0
1645830720000,154.17,154.29,154.17,154.24,32.927,1645830779999,5079.51909,51,5.872,905.83594,0
1645830780000,154.26,154.26,154.17,154.18,74.969,1645830839999,11562.34557,62,21.667,3341.21830,0
1645830840000,154.19,154.33,154.16,154.32,117.217,1645830899999,18076.39659,79,78.422,12094.48135,0
1645830900000,154.31,154.32,153.91,153.98,178.879,1645830959999,27569.13816,198,47.141,7267.26589,0
1645830960000,153.98,154.15,153.92,154.10,241.337,1645831019999,37173.62214,134,134.970,20788.38906,0
1645831020000,154.06,154.35,153.98,154.10,528.731,1645831079999,81506.73528,212,57.133,8809.85541,0
1645831080000,154.10,154.27,154.10,154.16,98.114,1645831139999,15128.06903,94,63.240,9751.93012,0
1645831140000,154.20,154.33,154.16,154.32,90.462,1645831199999,13949.82123,72,36.519,5632.17228,0
1645831200000,154.32,154.70,154.23,154.58,616.724,1645831259999,95258.73466,246,185.411,28649.97228,0
1645831260000,154.54,155.16,154.54,154.84,341.417,1645831319999,52880.28860,259,136.093,21082.03411,0
1645831320000,154.86,155.10,154.83,154.92,83.881,1645831379999,12999.11899,81,35.255,5462.63630,0
1645831380000,154.94,155.02,154.76,154.86,104.562,1645831439999,16196.29358,96,36.955,5723.39892,0
1645831440000,154.88,155.31,154.88,155.04,213.261,1645831499999,33073.51731,204,95.555,14822.12359,0
1645831500000,155.04,155.32,154.93,155.25,205.534,1645831559999,31890.50699,171,66.658,10343.70031,0
1645831560000,155.24,155.38,155.14,155.23,246.218,1645831619999,38231.32034,163,82.095,12747.68499,0
1645831620000,155.18,155.23,154.95,155.03,178.918,1645831679999,27750.06641,156,76.744,11904.82039,0
1645831680000,155.05,155.08,154.67,154.99,232.437,1645831739999,35986.57615,175,70.609,10938.69591,0
1645831740000,155.03,155.03,154.84,154.88,89.087,1645831799999,13805.35100,89,24.660,3820.57195,0
1645831800000,154.88,155.48,154.88,155.48,220.675,1645831859999,34267.83700,127,184.797,28702.25843,0
1645831860000,155.52,155.73,155.38,155.46,360.383,1645831919999,56059.75459,262,183.501,28547.64133,0
1645831920000,155.42,155.58,155.23,155.27,103.500,1645831979999,16087.95901,129,53.340,8291.76076,0
1645831980000,155.25,155.76,155.25,155.55,86.723,1645832039999,13490.71120,121,41.816,6504.42147,0
1645832040000,155.53,155.86,155.46,155.64,235.068,1645832099999,36591.44564,206,152.816,23791.61276,0
1645832100000,155.68,155.73,155.41,155.46,166.709,1645832159999,25934.04110,126,48.330,7520.12967,0
1645832160000,155.42,155.52,155.28,155.42,129.202,1645832219999,20081.41793,133,69.664,10828.54290,0
1645832220000,155.40,155.49,155.28,155.36,87.801,1645832279999,13644.84017,83,37.714,5861.05930,0
1645832280000,155.36,155.36,154.87,154.89,156.293,1645832339999,24245.25995,116,38.227,5934.67672,0
1645832340000,154.84,154.98,154.82,154.83,86.975,1645832399999,13471.45182,111,50.615,7839.58331,0
1645832400000,154.84,154.97,154.74,154.82,167.894,1645832459999,25996.13330,103,94.998,14709.82662,0
1645832460000,154.74,154.81,154.50,154.50,147.107,1645832519999,22756.08772,99,52.140,8069.10661,0
1645832520000,154.53,154.67,154.52,154.61,54.615,1645832579999,8442.61284,43,29.814,4609.58300,0
1645832580000,154.58,154.62,154.25,154.29,87.218,1645832639999,13478.10626,84,41.516,6416.86045,0
1645832640000,154.30,154.39,153.51,153.71,630.259,1645832699999,96944.50884,345,215.581,33158.52948,0
1645832700000,153.60,153.98,153.45,153.92,267.421,1645832759999,41110.47547,170,172.396,26495.78065,0
1645832760000,153.92,153.92,153.45,153.45,539.232,1645832819999,82868.50663,282,153.043,23514.88186,0
1645832820000,153.48,153.52,153.08,153.08,169.549,1645832879999,26008.44668,135,90.061,13816.34659,0
1645832880000,153.11,153.34,152.98,153.06,244.621,1645832939999,37463.80472,162,128.636,19706.29736,0
1645832940000,153.06,153.28,152.63,152.95,349.954,1645832999999,53543.46093,234,115.707,17708.65652,0
1645833000000,152.94,153.08,152.81,152.89,88.353,1645833059999,13517.54906,87,28.744,4398.70411,0
1645833060000,152.87,152.91,152.79,152.90,75.721,1645833119999,11574.08290,52,52.686,8053.87711,0
1645833120000,152.93,153.04,152.74,152.77,93.373,1645833179999,14278.25803,78,26.386,4035.05948,0
1645833180000,152.84,153.19,152.76,152.97,380.845,1645833239999,58260.51417,214,166.252,25435.77881,0
1645833240000,153.02,153.40,152.97,153.26,461.165,1645833299999,70636.19728,243,100.109,15344.24256,0
1645833300000,153.26,153.36,153.02,153.16,163.540,1645833359999,25057.06244,128,60.296,9238.74933,0
1645833360000,153.18,153.25,153.02,153.02,113.712,1645833419999,17416.60954,99,61.637,9441.33686,0
1645833420000,153.03,153.27,153.03,153.18,62.791,1645833479999,9616.99307,55,27.967,4284.05218,0
1645833480000,153.23,153.28,153.14,153.26,99.627,1645833539999,15265.46228,51,41.511,6361.86682,0
1645833540000,153.22,153.76,153.21,153.67,490.015,1645833599999,75182.02218,187,354.016,54332.57269,0
